-1.24742732558
-1.7218129771
-1.46062202583
-1.41492261104
-1.36141744548
-1.3951682058
-1.55859138973
-1.51026408451
-1.61353932584
-1.47890083218
-1.50666776969
-1.39115873016
-1.57716549296
-1.45380904857
-1.52465551181
-1.19560886644
-1.50872471098
-1.70430964052
-1.43217939973
-1.51478276878
-1.49174168975
-1.6293966877
-1.55708537439
-1.39274402069
-1.62430555556
-1.3355945604
-1.63820968963
-1.57514652015
-1.59780955829
-1.5908643326
-1.73016817063
-1.67236428009
-1.53610706482
-1.01390510949
-1.30461225766
-1.45573970691
-1.423125
-1.38705094709
-1.17258820287
-1.55369467367
-1.76685546875
-1.49585084034
-1.51332053073
-1.82462406015
-1.43848105548
-1.44430907877
-1.34855187778
-1.479
-1.43659581218
-1.54440271817
-1.43497977073
-1.42881270903
-1.58735334714
-1.77066164818
-1.59618161094
-1.32160626536
-1.30496266335
-1.54758756254
-1.71203703704
-1.70536690086
-1.58218631179
-1.56295053004
-1.67482085987
-1.97206911636
-1.44005
-1.5210199005
-1.63544885946
-1.66392284186
-1.38681051265
-1.65183794466
-1.83026530612
-1.5300255848
-1.72921052632
-1.4553069889
-1.43157643312
-1.29331069108
-1.45782149712
-1.60701196709
-1.38657929662
-1.91401147396
-1.5918318649
-1.41097269625
-1.58571705426
-1.32403042959
-1.3877444795
-1.50360696517
-1.54412933526
-1.62018695306
-1.19393203883
-1.47573284477
-1.58625095347
-1.69786942924
-1.36191285538
-1.42086791148
-1.51617120344
-1.73042510121
-1.30139788111
-1.34320563196
-1.38021327014
-1.42219025051
-1.63125476735
-1.76554706356
-1.49776143791
-1.45599934254
-1.48210767065
-1.57775962237
-1.73402549342
-1.38900974026
-1.72237158908
-1.4495273794
-1.4210862069
-1.12956915477
-1.68278654485
-1.53068019943
-1.44876992377
-1.34837158809
-1.45516701461
-1.40851097179
-1.30908685306
-1.52378008021
-1.82561674009
-1.43957044674
-1.14222560976
-1.24280862374
-1.42648135819
-1.13487158908
-1.53329163688
-1.77438675388
-1.31999700419
-1.81010596546
-1.54390726096
-1.42186241611
-1.59570652174
-1.33218709257
-1.36997816594
-1.38155105973
-1.60121326042
-1.58133356791
-1.46554465494
-1.74843241042
-1.42352464332
-1.74740816327
-1.51488347458
-1.65147058824
-1.52176156584
-1.50858502955
-1.6847734255
-1.26836583924
-1.51177201705
-1.45495383523
-1.30121763255
-1.43281147001
-1.55136234961
-1.4443814433
-1.54683845029
-1.4733974359
-1.64612359551
-1.54852102637
-1.53258486563
-1.6556383792
-1.47880984491
-1.32736058302
-1.44684515689
-1.40631797825
-1.44020177839
-1.44573211876
-1.55660342262
-1.37646595208
-1.50768563498
-1.50873870744
-1.82690592052
-1.61140636298
-1.56083038869
-1.56903284672
-1.34375802311
-1.62932763744
-1.34777812306
-1.50244360902
-1.5186668883
-1.59347907324
-1.4032644357
-1.46806328234
-1.32610633067
-1.34074585635
-1.60117100372
-1.24900475342
-1.45025755494
-1.52248552822
-1.3524906015
-1.27544919455
-1.88756696429
-1.53076228324
-1.36273091133
-1.57787593985
-1.28605371901
-1.33510672704
-1.36908064516
-1.35823773104
-1.47265410959
-1.42331959417
-1.84951229856
-1.48835931963
-1.48631078224
-1.34256418284
-1.6890163297
-1.39161840412
-1.42650065963
-1.59508865248
-1.54537646199
-1.73474542562
-1.57169090909
-1.28907474382
-1.71807253464
-1.72462832551
-1.59991420728
-1.50773213093
-1.6372810219
-1.50567064607
-1.45275873886
-1.56581486776
-1.73265885023
-1.70578372268
-1.55774778106
-1.37353035144
-1.54817293777
-1.44949087079
-1.31072315332
-1.15054960541
-1.83298611111
-1.71257974482
-1.58395131086
-1.37465517241
-1.49143694004
-1.50955076698
-1.49090429275
-1.64465125392
-1.44336500655
-1.4556122449
-1.50771239554
-1.51163127413
-1.48926886792
-1.63155677656
-1.62751512859
-1.369239338
-1.50628462604
-1.38745229008
-1.80096469622
-1.3593537415
-1.53227733526
-1.42053337696
-1.52156762295
-1.59287974684
-1.12029663282
-1.51708106267
-1.81073580034
-1.39376586294
-1.28265664962
-1.56264992504
-1.23683976261
-1.25197329377
-1.91715811966
-1.35824758842
-1.37617647059
-1.60012332629
-1.32175014908
-1.67429522318
-1.56482896652
-1.29389916468
-1.529134548
-1.24841434499
-1.3927252816
-1.37316729323
-1.56541071429
-1.32219869707
-1.35639642417
-1.75856969206
-1.51664862915
-1.55604493581
-1.545651341
-1.46552124834
-1.45553882195
-1.50586124402
-1.76296068796
-1.41540276904
-1.76478790259
-1.58780806572
-1.63098018401
-1.06572642968
-1.43530876494
-1.64095974119
-1.46862036455
-1.40870192308
-1.31601684342
-1.58799353912
-1.44632303559
-1.41822884013
-1.46214139344
-1.51607793154
-1.41009520683
-1.4675
-1.67217679128
-1.54637867647
-1.39617382271
-1.40785761155
-1.24008693214
-1.35001674481
-1.60145113887
-1.72836757991
-1.6276831037
-1.57756550218
-1.38443521595
-1.49111072902
-1.36742831541
-1.50180448493
-1.50278156997
-1.38586532206
-1.67056962025
-1.65673963134
-1.35488614801
-1.44722222222
-1.3963426528
-1.31271103896
-1.42592652796
-1.27809278351
-1.40511325783
-1.27691256831
-1.36616907605
-1.69758873457
-1.35917150226
-1.42620860927
-1.47328147612
-1.1125663482
-1.41103963839
-1.26309454756
-1.26434376881
-1.48351513019
-1.57935022026
-1.39023698264
-1.40728829994
-1.64881667919
-1.49220199857
-1.40298532355
-1.58257311978
-1.15639007471
-1.85002168257
-1.34771191646
-1.49834244703
-1.54969858156
-1.50676678445
-1.39490987984
-1.58904600302
-1.50517556693
-1.58701475155
-1.66306818182
-1.46777129121
-1.67673556942
-1.4011739418
-1.35455256571
-1.57514234875
-1.38759778357
-1.65621153846
-1.78780438312
-1.31897443701
-1.42013319672
-1.28688087774
-1.4754976775
-1.37446984758
-1.29531921424
-1.38112212276
-1.2642877907
-1.91946412755
-1.7068877551
-1.41197738177
-1.21275357995
-1.28907523511
-1.45350035537
-1.51050944669
-1.29226302574
-1.46619357045
-1.52196113074
-1.29698351972
-1.46124914908
-1.47131770145
-1.63079766537
-1.64103408211
-1.21663363533
-1.64174473068
-1.3659914361
-1.16738689095
-1.63513059701
-1.52093064402
-1.40823736404
-1.37472185864
-1.42190525588
-1.467907058
-1.32960691824
-1.25666762673
-1.66511498516
-1.50422168172
-1.43180727023
-1.73002696456
-1.46023556735
-1.76694810544
-1.50178077455
-1.58800523952
-1.361921875
-1.52034844384
-1.69732421875
-1.3759136736
-1.86621329879
-1.48959176788
-1.37925841969
-1.36832997312
-1.33130068621
-1.61641263941
-1.36534819792
-1.44849050204
-1.53354849965
-1.65113113497
-1.62678024502
-1.72043425325
-1.30589230769
-1.28480570735
-1.29433103015
-1.53701137171
-1.62477392615
-1.60405048983
-1.62664794007
-1.32915345593
-1.49604736491
-1.41527511196
-1.5173920736
-1.34576511335
-1.47853920888
-1.39720245796
-1.39821545514
-1.49252735978
-1.66264798737
-1.56566330209
-1.41156021291
-1.68225378788
-1.56896984925
-1.71824380165
-1.62622282609
-1.37165784249
-1.33468863362
-1.46630986938
-1.64433191187
-1.82175431389
-1.33154434251
-1.51322238478
-1.31336038961
-1.35654492566
-1.40824590164
-1.44427083333
-1.38258730159
-1.43055932203
-1.53699626866
-1.3820348455
-1.42070919689
-1.91918252595
-1.77929594272
-1.80123529412
-1.46752121641
-1.34387722646
-1.44474625895
-1.45574918567
-1.33551587302
-1.46455375254
-1.60472065064
-1.48644557823
-1.46552132701
-1.55933928571
-1.1618384785
-1.33194273399
-1.6667302799
-1.47007236389
-1.3798309949
-1.62998883098
-1.64756051437
-1.27004285714
-1.2233510341
-1.32862678239
-1.6368897929
-1.51212273642
-1.35362207152
-1.48180159257
-1.79683360927
-1.51558968927
-1.3722467609
-1.58500346741
-1.2485097493
-1.293753781
-1.47298714479
-1.58250877193
-1.45224103586
-1.31567046173
-1.31775715155
-1.46034785664
-1.41485064494
-1.54947311046
-2.04277135231
-1.76786003236
-1.57417231001
-1.58542128603
-1.27866999413
-1.64419921875
-1.52206498952
-1.45782032928
-1.36794914135
-1.56512715034
-1.56963286713
-1.51457152974
-1.4383097166
-1.67676706827
-1.45688881215
-1.45527476255
-1.42656040268
-1.60709459459
-1.11325839653
-1.80070621469
-1.60130706922
-1.54895220588
-1.41592063492
-1.58282312925
-1.54221041056
-1.40004531722
-1.76011548332
-1.58394039735
-1.25436851211
-1.36211685824
-1.61124815906
-1.64367401216
-1.53594996374
-1.74559052059
-1.31912890874
-1.59648175726
-1.27922297297
-1.45250177431
-1.67270733652
-1.47795794726
-1.63537698413
-1.66050373134
-1.58903601695
-1.69375925926
-1.47090192044
-1.47281034483
-1.453515625
-1.60052973342
-1.69828714396
-2.06311833172
-1.22134041332
-1.35167997339
-1.53042299349
-1.59663221668
-1.27424007444
-1.41610367893
-1.43256316489
-1.34395414573
-1.51649755073
-1.63328967066
-1.43819587629
-1.44303306343
-1.52959748892
-1.40854964309
-1.48998993964
-1.49013111269
-1.44659013023
-1.60174788136
-1.33175455729
-1.30214714715
-1.58901037806
-1.55138190955
-1.90335726351
-1.56771723647
-1.33144379845
-1.73325726141
-1.30160436137
-1.3183916717
-1.3680771725
-1.40764649066
-1.42772457067
-1.28257575758
-1.20300951848
-1.50038538874
-1.62542279412
-1.6353515625
-1.22029046813
-1.37963021492
-1.38721283784
-1.3875
-1.31956999372
-1.33519021739
-1.76277239709
-1.48831321261
-1.31601418002
-1.56036759458
-1.44127124646
-1.70456804281
-1.46164266118
-1.53603823088
-1.60118867925
-1.48215883669
-1.45858259687
-1.57300219941
-1.40481016731
-1.3712748876
-1.31903560831
-1.57825259516
-1.5222122945
-1.29208806818
-1.36187339332
-1.47420744314
-1.39125330688
-1.48907000686
-1.43826824584
-1.59175090253
-1.38653462051
-1.5808723565
-1.47689032698
-2.0344563197
-1.27617280285
-1.53345771144
-1.39032107232
-1.43303508772
-1.39607750473
-1.45835488041
-1.48203802535
-1.49146995708
-1.42082511506
-1.52294014084
-1.46443637621
-1.66967307692
-1.52877393225
-1.497253324
-1.48706109551
-1.07927892235
-1.51163181479
-1.38505
-1.57937361008
-1.46552132701
-1.67788318452
-1.55280708365
-1.75659722222
-1.35075611326
-1.61810150376
-1.58720889203
-1.24916764019
-1.3144054396
-1.91264495986
-1.83353970965
-1.5180449827
-1.39307718348
-1.38038630653
-1.79579573421
-1.47735684358
-1.39104112272
-1.71273328149
-1.39300199468
-1.54889318342
-1.33815789474
-1.65067411402
-1.29396173149
-1.60996646796
-1.399734375
-1.43069682959
-1.57625750751
-1.41295295613
-1.33436942296
-1.46394754768
-1.6886937648
-1.77620506536
-1.19544809983
-1.33839628681
-1.40116622865
-1.61962840324
-1.59044483986
-1.39920557717
-1.37653220763
-1.26830114665
-1.43759649123
-1.50180701754
-1.25193153266
-1.4431040158
-1.87954545455
-1.40417776298
-1.50957621551
-1.72651515151
-1.46409246575
-1.5223501462
-1.44706165703
-1.28614439784
-1.72300650936
-1.38671428571
-1.67051332288
-1.62080871492
-1.51840155258
-1.23339552239
-1.58914253898
-1.35058255659
-1.54038880814
-1.3820782159
-1.46097348221
-1.66278582317
-1.27037978469
-1.36036828135
-1.63525641026
-1.57229537367
-1.31869055168
-1.45590301003
-1.41402439024
-1.47146846255
-1.29073780874
-1.42560935441
-1.47901212553
-1.64212555066
-1.48744891008
-1.44456664478
-1.36627506266
-1.45775920873
-1.45435839274
-1.50475759768
-1.25918456181
-1.80908564815
-1.23807012543
-1.41890538674
-1.43135733157
-1.46450166113
-1.71184410646
-1.83227768456
-1.40640144073
-1.44870778773
-1.586125
-1.43008087201
-1.47059906292
-1.44898872679
-1.30149366325
-1.45030487805
-1.58302129222
-1.61593347639
-1.66042791056
-1.69617670364
-1.15657333333
-1.33295886076
-1.8145519263
-1.50108845888
-1.27034848485
-1.33021229404
-1.66054810726
-1.51660344828
-1.56031205165
-1.77057270512
-1.61104070661
-1.47677960301
-1.47586852861
-1.38723021583
-1.45670086036
-1.55928415698
-1.21884615385
-1.45502521614
-1.39742669994
-1.32965858328
-1.62960170147
-1.65243569758
-1.45376106195
-1.60518315018
-1.32806560392
-1.25602743724
-1.37632450331
-1.38338435374
-1.48013869132
-1.48447647449
-1.54410816619
-1.5066678273
-1.59876143293
-1.43162550067
-1.43667717087
-1.59838534107
-1.52879155125
-1.50106132075
-1.46742788462
-1.84942060086
-1.4783412483
-1.61234825493
-1.49970628887
-1.50833960843
-1.53947080292
-1.32835844319
-1.39107371795
-1.58037951363
-1.60762240356
-1.29153868872
-1.61602239884
-1.53686886395
-1.54342554645
-1.59069809942
-1.39885651629
-1.66386158886
-1.51700211864
-2.27280564263
-1.53854093772
-1.43610544218
-1.87240425532
-1.15957474227
-1.34846597813
-1.79169374492
-1.39157179001
-1.2260626077
-1.56468394886
-1.57562362436
-1.4645696452
-1.65337057011
-1.3993812709
-1.57195255474
-1.75926
-1.67081027668
-1.59009225092
-1.66774009146
-1.39588456284
-1.43840258856
-1.2700567503
-1.38381892231
-1.37052648579
-1.22694861432
-1.30058841279
-1.49589397089
-1.49613328582
-1.75242890995
-1.24517129356
-1.37836627548
-1.40274639046
-1.62811804009
-1.47893766756
-1.52885893648
-1.32291800128
-1.49898648649
-1.46782226562
-1.2029
-1.54541105599
-1.4515227577
-1.7369227707
-1.60808256173
-1.26891214623
-1.30131978155
-1.81453112369
-1.44802504817
-1.59161061285
-1.36845357381
-1.46564005506
-1.48332786885
-1.59868610511
-1.79262589928
-1.90859718558
-1.38443976684
-1.81168096724
-1.47501714678
-1.28790675845
-1.43610933504
-1.48288897005
-1.29023505514
-1.65676494346
-1.57999649369
-1.56643955276
-1.42101567603
-1.35310114504
-1.75357421875
-1.28033453888
-1.60803235515
-1.37141241112
-1.42322847682
-1.51083855254
-1.42689249364
-2.06725900682
-1.31679308252
-1.2812771908
-1.30621362049
-1.40378081279
-1.50171895861
-1.70146370023
-1.24405688623
-1.53352713178
-1.40497007979
-1.76219660194
-1.47673986486
-1.24071936057
-1.47548788694
-1.29222598522
-1.44864996747
-1.669375
-1.31988566131
-1.47089830508
-1.87634883721
-1.37592297899
-1.27119565217
-1.44774116848
-1.56176367461
-1.4371703854
-1.50622730574
-1.74507890365
-1.60784777859
-1.3943877551
-1.53037050898
-1.49863475177
-1.52401510177
-1.57210014409
-1.71060209424
-1.77589583333
-1.42445762712
-1.32048860911
-1.6839128697
-1.27540274463
-1.49306429071
-1.62927679883
-1.53376508162
-1.4857641196
-1.55763793103
-1.4789300554
-1.29835942203
-1.37999675535
-1.62441133186
-1.55829005935
-1.81600584307
-1.5039122807
-1.44464285714
-1.21291099773
-1.42203536754
-1.42881270903
-1.6480358505
-1.35262903226
-1.61461685824
-1.54341124661
-1.23939349112
-1.89782913165
-1.96652311877
-1.34077507599
-1.29394273128
-1.53060763889
-1.33995795602
-1.62216206124
-1.26677509294
-1.45558473389
-1.51797259311
-1.58092057762
-1.45765895954
-1.52187052933
-1.64084323923
-1.1839673913
-1.35700459318
-1.58927530954
-1.44835034014
-1.29133393829
-1.45245980707
-1.58061837456
-1.39306722689
-1.61442814146
-1.68696766561
-1.30893475751
-1.40587378641
-1.86110400682
-1.47523381295
-1.39796151337
-1.47087856174
-1.78726211073
-1.4822133758
-1.5271691974
-1.36191000629
-1.53966206395
-1.64356870229
-1.575017934
-1.36242765273
-1.48973719228
-1.40916563275
-1.53384482759
-1.45352430556
-1.57219642857
-1.49546897038
-1.1328832515
-1.24871832646
-1.29779501217
-1.59373653984
-1.50453761215
-1.19846392334
-1.34455619413
-1.36368724559
-1.6978610675
-1.30890473301
-1.57214849354
-1.46852296093
-1.5460089841
-1.52422438672
-1.29992832569
-1.41330673144
-1.42294379712
-1.45154036827
-1.63617714724
-1.63743072051
-1.25791464891
-1.31907431134
-1.44927706792
-1.19038125728
-1.31089822195
-1.85684143222
-1.64167864845
-1.52724337186
-1.765
-1.617293645
-1.5425696012
-1.37528717294
-1.57410246821
-1.49765089163
-1.42147959184
-1.49511636107
-1.49900558269
-1.60272957339
-1.30035493827
-1.39373389175
-1.19554775281
-1.50869348404
-1.55946838082
-1.33173255096
-1.37472112861
-1.49593063187
-1.68815894569
-1.57845014451
-1.36500971503
-1.77172064777
-1.38089519651
-1.37748054475
-1.31258708043
-1.4634901828
-1.90181359045
-1.3353294335
-1.6725493921
-1.42235842541
-1.41979103574
-1.39964976651
-1.76688440222
-1.49869668246
-1.49799657534
-1.48152252907
-1.198967176
-1.72597165992
-1.70752407705
-1.34885508156
-1.42895348837
-1.24108986035
-1.67940352282
-1.33452978056
-1.55710392442
-1.51437007874
-1.27325548678
-1.8750625
-1.21537004662
-1.60411145752
-1.29431109726
-1.54945306987
-1.78396650327
-1.15020402612
-1.51194646398
-1.28140832328
-1.35020376176
-1.41022215068
-1.63142066421
-1.56388297872
-1.49027309508
-1.40813836898
-1.59086538462
-1.3618351937
-1.3076439951
-1.60051963048
-1.531
-1.36894280206
-1.40045887152
-1.39872516556
-1.73281379884
-1.31535033805
-1.15795136948
-1.47726190476
-1.56948818898
-1.75328099839
-1.19521099389
-1.58496720117
-1.65034824047
-1.56655159884
-1.4612755102
-1.5590925656
-1.33413029525
-1.34743076923
-1.43899339934
-1.72884615385
-1.66053120357
-1.44320205479
-1.62169776119
-1.71080146461
-1.47175859599
-1.36096265293
-1.49245874587
-1.60823082489
-1.70907148407
-1.60613685735
-1.43490597717
-1.56818673396
-1.23455088118
-1.52852313167
-1.37049370444
-1.45405
-1.38177409262
-1.86764828738
-1.44733182406
-1.63474941269
-1.5649520649
-1.29807001795
-1.57344329133
-1.8546163575
-1.74579610073
-1.44604279891
-1.3762605042
-1.26680882353
-1.17134315907
-1.53351503759
-1.41374007936
-1.47466599866
-1.43114392396
-1.72744047619
-1.56321858289
-1.37569444444
-1.54961734694
-2.03908802178
-1.46574388587
-1.47637534819
-1.5071251768
-1.4941735823
-1.35520382952
-1.85334061135
-1.49084867076
-1.27864257257
-1.45345129643
-1.4083935611
-1.44033568905
-1.59599630996
-1.75828761755
-1.25730389129
-1.52076785714
-1.55747988296
-1.50215789474
-1.6158594319
-1.24760670732
-1.45848904639
-1.4963679941
-1.46507067138
-1.53990774908
-1.40828651685
-1.40899079553
-1.39318627451
-1.49155910326
-1.38932673899
-1.50678116147
-1.73690102121
-1.46393630991
-1.44868893678
-1.37277018229
-1.75236006683
-1.19365460712
-1.37260430248
-1.63651504298
-1.54059251559
-1.64571029529
-1.59635574018
-1.23998583569
-1.75947802198
-1.42781643472
-1.48056343019
-1.571799117
-1.40625816993
-1.38940622972
-1.83175675676
-1.33294938352
-1.38007111936
-1.28847248577
-1.69639037433
-1.4702405149
-1.59416099773
-1.26368181818
-1.34677570093
-1.54073365786
-1.15388826502
-1.36783136483
-1.4540741915
-1.51019927536
-1.45768325488
-1.2594092219
-1.3673364486
-1.28992559524
-1.32153731343
-1.35448679472
-1.33844086021
-1.7644665109
-1.4801611797
-1.47141044235
-1.6155190678
-1.63171613394
-1.22394781145
-1.34968811556
-1.26300749532
-1.84929123711
-1.46818977591
-1.72795418006
-1.55072652757
-1.61836267606
-1.38543765743
-1.55127118644
-1.4331410679
-1.28575930372
-1.55961126961
-1.60570175439
-1.72404686259
-1.45957616316
-1.65320419986
-1.31025366748
-1.31345570388
-1.58357247976
-1.48218290119
-1.5640052356
-1.57479446936
-1.92240401396
-1.30741461953
-1.41485322272
-1.61561331339
-1.39623202001
-1.22626337693
-1.55121552975
-1.40185723514
-1.21815205011
-1.50209183673
-1.3288803681
-1.3998521682
-1.39860013175
-1.48464635854
-1.74228723404
-1.84373362445
-1.53735228951
-1.26857352941
-1.38491019885
-1.76588212025
-1.30483425414
-1.35443372744
-1.65087949102
-1.42949005773
-1.40011776581
-1.53876065341
-1.25756637168
-1.43307360743
-1.44095030222
-2.09425542406
-1.57032677442
-1.54160100287
-1.38477148704
-1.3727931701
-1.47470070423
-1.25243661972
-1.81167061611
-1.62049678342
-1.70549560352
-1.39766009852
-1.27365935405
-1.75813812601
-1.48749173827
-1.47397689769
-1.38343450479
-1.46672101449
-1.77160569106
-1.29281626506
-1.36850062344
-1.60279009608
-1.58627344877
-1.63326492537
-1.30846552776
-1.84481810491
-1.66897853736
-1.63304555474
-1.42514222503
-1.37727722772
-1.3784070532
-1.33286551511
-1.47160384068
-1.59440412529
-1.57183724236
-1.26899260628
-1.24366299304
-1.30410692951
-1.79137858347
-1.68769315673
-1.2482421875
-1.6272314376
-1.65673849525
-1.65001973165
-1.99495817844
-1.35745917085
-1.33629449838
-1.52467880086
-1.27405462185
-1.55378731343
-1.3703826692
-1.67762357414
-1.51649328859
-1.4953956117
-1.4489468232
-1.2568429003
-1.49436744847
-1.34968104496
-1.64116180982
-1.446021611
-1.6259962406
-1.40974792597
-1.23172281324
-1.48312457684
-1.19908759124
-1.76364557989
-1.58971354167
-1.55369915849
-1.37528571429
-1.60827677225
-1.43734156104
-1.35998422713
-1.39780236908
-1.72505952381
-1.83491307947
-1.44953287197
-1.527965806
-1.41937181122
-1.51857407407
-1.47825203252
-1.57539090263
-1.30613066826
-1.35763086336
-1.34240088106
-1.56406574394
-1.56974687933
-1.91767129228
-1.55290333797
-1.5371184593
-1.76179395386
-1.64748439938
-1.61418478261
-1.72666256158
-1.30461611675
-1.22052196235
-1.65316198225
-1.31648170366
-1.23356534091
-1.47796638102
-1.56507067138
-1.75285543131
-1.68163533835
-1.45927473262
-1.41503893576
-1.19012327982
-1.51840155258
-1.40714516129
-1.42069789675
-1.83052825553
-1.50639534884
-1.30368181818
-1.52826308634
-1.20818313953
-1.21008847032
-1.48928075052
-1.30999084808
-1.42442565412
-1.36024874055
-1.48344290657
-1.57603780578
-1.62411387632
-1.25736700538
-1.26232131759
-1.40773247978
-1.46115023474
-1.48299094708
-1.43060636856
-1.51659042927
-1.48307442197
-1.6229517611
-1.32214841218
-1.40087135615
-1.65696321321
-1.36895833333
-1.4422547043
-1.51873702422
-1.51355721393
-1.96451111111
-1.90530234657
-1.17430516954
-1.51231074261
-1.46463204952
-1.40429738562
-1.44694920844
-1.3287414966
-1.85385702746
-1.35151657286
-1.54704887218
-1.3070726623
-1.3958011583
-1.27142207398
-1.45660217244
-1.58550909091
-1.67151116427
-1.56786224126
-1.74267241379
-1.3369412942
-1.97785584769
-1.22511396011
-1.42824738903
-1.50005140507
-1.39179365079
-1.51421907395
-1.52773124545
-1.19694265652
-1.2961641791
-1.58671138506
-1.50880743982
-1.74650473934
-1.49935808466
-1.38904808959
-1.47520703934
-1.40235426009
-1.46627483444
-1.70739633174
-1.73789496157
-1.48457867018
-1.43182267633
-1.63285558781
-1.5728306508
-1.42967493298
-1.50719129193
-1.34361937935
-1.4648308011
-1.4148250162
-1.64912639405
-1.3587524818
-1.49936860068
-1.32613288426
-1.37033546326
-1.51940104167
-1.48905498282
-1.39890054127
-1.44927706792
-1.86043882979
-1.59288395904
-1.22650202195
-1.3807230869
-1.32614693118
-1.34066856781
-1.49189326988
-1.35995734908
-1.62514803849
-1.41105345912
-1.70435546875
-1.58913123167
-1.30365133623
-1.54708755427
-1.6252311522
-1.40179379444
-1.65311791383
-1.48967842324
-1.27679804373
-1.53372556119
-1.46479180658
-1.45325189264
-1.32138610763
-1.6093118196
-1.33842155009
-1.31882901866
-1.50041636495
-1.20394124491
-1.29140037594
-1.74687765506
-1.62587272727
-1.4866967509
-1.98940166976
-1.71690717629
-1.50929794521
-1.45537800687
-1.39558917197
-1.34572184194
-1.65890062598
-1.50636842105
-1.30556761787
-1.50840595497
-1.67807120501
-1.75742220353
-1.78242313916
-1.32646623223
-1.55150362319
-1.32565748278
-1.45682918396
-1.71056477093
-1.5268701482
-1.65206404321
-1.32653286978
-1.37838299193
-1.46201639344
-1.50039600551
-1.57462714392
-1.713420653
-1.55270415473
-1.26121203097
-1.79599915326
-1.22456873315
-1.87794619983
-1.25945905559
-1.5113045007
-1.51901724138
-1.43296061415
-1.41585168394
-1.3890509725
-1.24875926982
-1.34070005858
-1.47280159884
-1.37168956902
-1.202668379
-1.34942546584
-1.50182107496
-1.39409744931
-1.23625943122
-1.61885640266
-1.6247759522
-1.40413265306
-1.55184172137
-1.51330195258
-1.52572796935
-1.52924304141
-1.34992433414
-1.40726229508
-1.44471504307
-1.61941980783
-1.36269917145
-1.59106115108
-1.42480456026
-1.78834971335
-1.50005263158
-1.39877398721
-1.57988026125
-1.26644696505
-1.40709073604
-1.3026126408
-1.33124599616
-1.69270174051
-1.46492710404
-1.46359531773
-1.34757425743
-1.31517576899
-1.43909246575
-1.59170827389
-1.43336212854
-1.81716765453
-1.27227481354
-1.51026208305
-1.49308844011
-1.44145819618
-1.3719646431
-1.60419316375
-1.33347582547
-1.26434743743
-1.3560926949
-1.46028212101
-1.17755982193
-1.58701179071
-1.238125
-1.47009545754
-1.43070317563
-1.4638372093
-1.40252541296
-1.28698286052
-1.43096344486
-1.63099157734
-1.64155058651
-1.34524032459
-1.39198387097
-1.64810454908
-1.35593143204
-1.62335596855
-1.50929943101
-1.57001065341
-1.57048789435
-1.31544292509
-1.40157743786
-1.37814579552
-1.39551759134
-1.32665562914
-1.61335891813
-1.39733267064
-1.5540877193
-1.49556896552
-1.42797349709
-1.27404859485
-1.67094854071
-1.38970685112
-1.62358455882
-1.64340304182
-1.73895167576
-1.56897003745
-1.32068488943
-1.57444563662
-1.27119061414
-1.7043008641
-1.34226409314
-1.37676125245
-1.30303927681
-1.50898214286
-1.95038048344
-1.62358038348
-1.26361061419
-1.56335348506
-1.55556913408
-1.66530572755
-1.47199121028
-1.24630017975
-1.4951369382
-1.30335843373
-1.4312917223
-1.70256059421
-1.69310551559
-1.73157587549
-1.45069775357
-1.43490990991
-1.52059931507
-1.60602524866
-1.39190553746
-1.6885059761
-1.55511235955
-1.32183564232
-1.48072655691
-1.47232673267
-1.49403750885
-1.59163003663
-1.55238008721
-1.59306985294
-1.25826359833
-1.85326957295
-1.42174261874
-1.59516806723
-1.4560571241
-1.88427631579
-1.40591049383
-1.41759564644
-1.79294093851
-1.51139958735
-1.58534926471
-1.29437842779
-1.38935272045
-1.31326934796
-1.32234426229
-1.64941243366
-1.70470930233
-1.55242109039
-1.32851016518
-1.54855563481
-1.74055071315
-1.48939747004
-1.67120107444
-1.3630897772
-1.33257392879
-1.41827436582
-1.45965716225
-1.66168998527
-1.41671706989
-1.48535543404
-1.56438811189
-1.49866504854
-1.34193181818
-1.19251506024
-1.43599932931
-1.61642804699
-1.5996875
-1.53367310443
-1.44756560773
-1.50664348463
-1.54745188881
-1.19121221103
-1.35983523874
-1.56088912887
-1.30696347032
-1.5390379113
-1.6062784522
-1.36863521216
-1.23986725664
-1.22749856404
-1.96526340546
-1.47198245614
-1.32741985203
-1.26431724544
-1.53043245175
-1.40806177868
-1.53444967415
-1.56462361878
-1.46812977099
-1.31239754098
-1.55452667168
-1.527567865
-1.45153465347
-1.62969774217
-1.59968634686
-1.23949071469
-1.39574503311
-1.59776306371
-1.42407212885
-1.34136832524
-1.45008497621
-1.83925879397
-1.55498495109
-1.9160912191
-1.46435821873
-1.60606005789
-1.40038720539
-1.80705074875
-1.61660971906
-1.45456661891
-1.31770958084
-1.54331290555
-1.20995495495
-1.64661640954
-1.57451438849
-1.52631306151
-1.45156565657
-1.45435568705
-1.59681654676
-1.66114063778
-1.32614608802
-1.51415061898
-1.56986953456
-1.74635619641
-1.23542935445
-1.4525118004
-1.5634414616
-1.20920603301
-1.27524140012
-1.53860266864
-1.57655210643
-1.3978927849
-1.39664249685
-1.42051647655
-1.31473008558
-1.4045029051
-1.50899602386
-1.35786569987
-1.47531358885
-1.52818151373
-1.44957366985
-1.62168124006
-1.61415334302
-1.72558866814
-1.63262555391
-1.56992862509
-1.81510371651
-1.57862056481
-1.30502910737
-1.50954379562
-1.54726050999
-1.28623783455
-1.73310862866
-1.40572780679
-1.25621769098
-1.41764603616
-1.15115921788
-1.43018835616
-1.80659183673
-1.45295591182
-1.43555518617
-1.513595866
-1.33882552404
-1.5307962963
-1.77068894389
-1.32881690998
-1.48449966193
-1.3015401369
-1.55499631268
-1.49829824561
-1.37530343897
-1.67091516104
-1.36012126866
-1.40542773817
-1.4982703281
-1.31116400491
-1.69364374034
-1.42325938567
-1.57128070175
-1.33959963877
-1.63277573529
-1.2916106357
-1.29468903941
-1.39859550562
-1.64010029718
-1.59437363438
-1.44179958391
-1.50255539671
-1.48231014904
-1.58824679943
-1.49937330623
-1.68970015576
-1.34636335971
-1.77957831325
-1.44434681698
-1.39458746898
-1.43805294906
-1.27862976407
-1.45503069577
-1.68264637904
-1.65340563166
-1.42558027079
-1.20943260369
-1.43970689655
-1.67024647887
-1.65749241275
-1.37408887468
-1.51137611531
-1.68497320061
-1.48163951841
-1.60545222465
-1.42646148556
-1.57758426966
-1.63260784314
-1.61759328358
-1.28777607362
-1.25344561187
-1.43367587601
-1.57919064748
-1.731503443
-1.50553082192
-1.51542172981
-1.44185630689
-1.42322591146
-1.31482704403
-1.40473114525
-1.52761274159
-1.45540674603
-1.4698538961
-1.32324090638
-1.44220922882
-1.52104267034
-1.40613895939
-1.16465902739
-1.48180656934
-1.64188212928
-1.55093639576
-1.64457109737
-1.43433333333
-1.46653689912
-1.39893651832
-1.64929924242
-1.49831947332
-1.44220230041
-1.47052013423
-1.53749045073
-1.24931566686
-1.80756525285
-1.24704026442
-1.66449517446
-1.59387417219
-1.33953379224
-1.60292114695
-1.55714552239
-1.63611524164
-1.66700081833
-1.60991346877
-1.45244961779
-1.69990317583
-1.43655753968
-1.43507585752
-1.54768877911
-1.43750849762
-1.53281695157
-1.35783151826
-1.47255600815
-1.26869469027
-1.63198447894
-1.58955251479
-1.59738644557
-1.25697289157
-1.41334679925
-1.34593171666
-1.6688338301
-1.56525453278
-1.354109375
-1.39169980119
-1.53569204152
-1.29459090909
-1.61973201175
-1.54757019438
-1.56016619519
-1.42818825911
-1.45521924084
-1.59925508721
-1.32545703839
-1.51193304536
-1.37270523594
-1.9210266323
-1.51388297872
-1.35723600509
-1.63987920937
-1.26205848292
-1.53788365453
-1.45706205559
-1.58510677467
-1.48167475728
-1.44237201365
-1.74521405493
-1.23918878166
-1.47333448994
-1.73070695103
-1.38547103756
-1.49505710207
-1.6183224163
-1.50406637491
-1.44339591568
-1.39561031332
-1.42193473962
-1.7848928277
-1.51231604765
-1.32953580097
-1.34634259259
-1.37544164038
-1.47794217687
-1.6761327504
-1.59411211437
-1.48291638108
-1.49412891986
-1.66206
-1.28357784431
-1.45690068493
-1.5269400953
-1.46805
-1.37625725338
-1.37899671053
-1.295984375
-1.77964037123
-1.7396412037
-1.46077527322
-1.37419604205
-1.39588068182
-1.69254453912
-1.31204837722
-1.64927075542
-1.49899435427
-1.45361347286
-1.68794367284
-1.49287508973
-1.45035258563
-1.67490264797
-1.61566374909
-1.38054260985
-1.49029284165
-1.65999619193
-1.52025159461
-1.93574889868
-1.61614326041
-1.20412414966
-1.26524853801
-1.43945364238
-1.41215389569
-1.48963541667
-1.51719642857
-1.63616893515
-1.346845867
-1.6922484985
-1.53380306193
-1.38838932806
-1.62830855019
-1.47586385625
-1.80442322681
-1.50401367891
-1.57389430285
-1.54356276747
-1.37042993631
-1.39379074315
-1.325669507
-1.41388707572
-1.22788352273
-1.31047097156
-1.33985893417
-1.3605976486
-1.43536545925
-1.28758939213
-1.39290332512
-1.82102365416
-1.6307912844
-1.4877633427
-1.53239462209
-1.48199652778
-1.27215522573
-1.26370870871
-1.18028189066
-1.42402880107
-1.46755765199
-1.32749211356
-1.28973750791
-1.34503039514
-1.49215854496
-1.24255095923
-1.50213393477
-1.52041855204
-1.42919161677
-1.48843309859
-1.17744308717
-1.72920811018
-1.56599637681
-1.34702199145
-1.34231682497
-1.49070934256
-1.38531921618
-1.43552449965
-1.56391509434
-1.47598778736
-1.459736671
-1.42767041462
-1.36553738318
-1.31094114219
-1.37067705022
-1.51700211864
-1.39903716216
-1.69083863275
-1.60859261939
-1.52251209399
-1.18793546545
-1.60751865672
-1.68919491525
-1.49143318966
-1.52056675939
-1.34696053469
-1.44571870701
-1.53022807018
-1.65275987107
-1.37691186001
-1.36320433437
-1.19697743149
-1.57913120567
-1.38048418972
-1.3250798212
-1.64483953319
-1.38412010276
-1.36131284916
-1.64242133538
-1.4708419244
-1.67182352941
-1.33588180113
-1.37995880862
-1.46553254438
-1.72431478405
-1.78366803279
-1.1914021164
-1.46524261603
-1.57798284862
-1.50264618801
-1.78648148148
-1.39775409836
-1.47242748619
-1.30427689594
-1.63771088957
-1.51867836676
-1.36922001243
-1.25943906606
-1.21739690722
-1.33448849879
-1.52823825503
-1.28133353584
-1.45771518544
-1.48702878684
-1.33685859189
-1.53475017349
-1.67356072555
-1.5145044735
-1.43291997354
-1.49554747055
-1.37233377222
-1.45984265734
-1.60822617247
-1.43033151059
-1.43565340909
-1.82804311074
-1.46719173442
-1.62239741641
-1.4552587923
-1.7417611336
-1.90171143847
-1.37887436224
-1.50695787293
-1.50434860415
-1.80534855769
-1.36277360851
-1.95080570902
-1.75565637066
-1.18559248555
-1.71196428571
-1.56981373265
-1.38615564462
-1.39160714286
-1.39812577447
-1.37711776859
-1.77166381523
-1.48164323963
-1.26853030303
-1.5721557971
-1.57466592428
-1.64542731629
-1.42307565789
-1.56672348485
-1.42146533974
-1.33851351351
-1.53633786848
-1.59530913012
-1.39839403973
-1.61458487769
-1.84484732824
-1.54327455048
-1.70462103635
-1.29962775462
-1.46873723621
-1.56533168666
-1.38197559367
-1.21365766262
-1.33583486802
-1.39882712082
-1.52595432856
-1.60992675405
-1.3804135101
-1.22147720545
-1.37552952503
-1.53805042614
-1.30601492537
-1.83506683375
-1.33225460123
-1.41066013898
-1.50411585366
-1.37374674479
-1.49865196078
-1.31203470032
-1.31517908723
-1.56044955388
-1.70578112916
-1.59053894571
-1.25987783075
-1.53602207977
-1.60757068452
-1.51240296401
-1.48660651097
-1.24091578327
-1.507893799
-1.38055740988
-1.5295056101
-1.52212683952
-1.30802994715
-1.4087694704
-1.32621495327
-1.36892106938
-1.54234869326
-1.68081723027
-1.47541071429
-1.58769090909
-1.58591686092
-1.40017662171
-1.61839866864
-1.36794753086
-1.77483619984
-1.32548316708
-1.51713523132
-1.49866966137
-1.40136065574
-1.56302768166
-1.53626392758
-1.56232075472
-1.45575206044
-1.5559137931
-1.15256444683
-1.54990968208
-2.00935013263
-1.59940174039
-1.54580057184
-1.36716537967
-1.44712050599
-1.44539687703
-1.77418908228
-1.40120346598
-1.68692337764
-1.38372420263
-1.6242330168
-1.54315732759
-1.58626192223
-1.42168862691
-1.87442109777
-1.44827989312
-1.39216731266
-1.6312086701
-1.57911552347
-1.50005277973
-1.27772232305
-1.51031121751
-1.73864155251
-1.48847368421
-1.56384587021
-1.60173104956
-1.75144497229
-1.32915345593
-1.5107448325
-1.2965451895
-1.50806620209
-1.25033160323
-1.6002753304
-1.43354365621
-1.76553338762
-1.62571915216
-1.30625776398
-1.31432406822
-1.47615858074
-1.49291298436
-1.17217354438
-1.71060915781
-1.53153661875
-1.49519764216
-1.65866979092
-1.44047054841
-1.58818345324
-1.69448051948
-1.38208412397
-1.36336805556
-1.45316750179
-1.70387763055
-1.42051155115
-1.54127240143
-1.79808326463
-1.45185742972
-1.60243083004
-1.44196671196
-1.36824590164
-1.30934147795
-1.26982315113
-1.32188445251
-1.3890069797
-1.47559399022
-1.4219556585
-1.54142906815
-1.52753699789
-1.37807390451
-1.75606876553
-1.3288989486
-1.50950218023
-1.3682986337
-1.16754901961
-1.4466997264
-1.24297955502
-1.47865975936
-1.47486004199
-1.27789294554
-1.24406012843
-1.46667234332
-1.53527701778
-1.57973318713
-1.28853982301
-1.31828689044
-1.39235313977
-1.51324652778
-1.38265212047
-1.64040570175
-1.7409859736
-1.66710227273
-1.52143584521
-1.76568509615
-1.41304980595
-1.47900276052
-1.36644736842
-1.39537601626
-1.42654132791
-1.59721599402
-1.66143575851
-1.54898822664
-1.56820335277
-1.47304362881
-1.47974439776
-1.231218628
-1.51660472973
-1.29192774936
-1.61091224018
-1.45180486061
-1.61133308439
-1.46635781671
-1.52020819564
-1.29405688623
-1.74395358306
-1.72197737909
-1.44675387597
-1.75408615137
-1.35011261261
-1.55891959799
-1.45624572211
-1.43763003901
-1.19460046323
-1.72563110749
-1.8791380789
-1.1789624183
-1.4013933376
-1.32753507653
-1.65461452928
-1.69590327738
-1.48018211921
-1.41958609272
-1.30415659008
-1.56338888889
-1.60035687453
-1.64656323645
-1.56147940075
-1.37585263835
-1.63077917282
-1.42401250823
-1.51861170592
-1.59516917293
-1.53509754335
-1.29343143204
-1.68335312747
-1.58418819188
-1.32917179803
-1.37512492192
-1.66071702454
-1.46465282505
-1.5630065123
-1.53373684211
-1.7081289557
-1.54787274096
-1.77853852596
-1.52720102715
-1.5286473607
-1.61733455882
-1.3596680877
-1.24124574347
-1.54472837741
-1.46831532748
-1.36425510877
-1.83009059534
-1.30089016294
-1.32207382953
-1.46923476454
-1.67109247136
-1.61698218263
-1.36166775457
-1.48290181574
-1.3778668942
-1.27874260355
-1.73713206046
-1.50347364819
-1.34761831592
-1.67695219123
-1.5275307303
-1.56856169297
-1.35409270217
-1.45235072066
-1.58332740214
-1.53737318841
-1.43039936102
-1.80919657422
-1.44731308411
-1.57066308244
-1.59089724497
-1.43382450331
-1.33681988743
-1.46321623465
-1.48639705882
-1.44556478405
-1.37830745342
-1.74007587859
-1.45711565097
-1.34240088106
-1.46547372061
-1.59235101744
-1.71054435484
-1.31372346698
-1.66698369565
-1.36119826435
-1.48079481793
-1.6632527881
-1.40783191629
-1.36656331593
-1.57159525631
-1.54902413059
-1.33975462078
-1.5430293501
-1.41019562334
-1.62282298358
-1.62770015106
-1.18303522289
-2.11476303318
-1.4723759885
-1.63659615385
-1.80129098361
-1.54124283668
-1.41022126816
-1.50285164451
-1.58868834882
-1.557
-1.21608882521
-1.83587981147
-1.38537024902
-1.44327419355
-1.5768102824
-1.57918929403
-1.319734375
-1.60252311248
-1.17595238095
-1.45128881988
-1.29838374852
-1.12895945946
-1.30439375383
-1.6441211878
-1.42090692935
-1.240797453
-1.53207787482
-1.70832664526
-1.14740669594
-1.58258028379
-1.39775489534
-1.65206205813
-1.40971666667
-1.49790322581
-1.34343385214
-1.46153715065
-1.41514906027
-1.59885853293
-1.33600877193
-1.26791291291
-1.55253673898
-1.52904879774
-1.33041947336
-1.49242896743
-1.41039288113
-1.41536774629
-1.53358236152
-1.47641796084
-1.62439163498
-1.49146995708
-1.39507019783
-1.40424888606
-1.38548764195
-1.36180052666
-2.01003320683
-1.67830717489
-1.35214856762
-1.50325159915
-1.49902464066
-1.20486635677
-1.46950926561
-1.64180236862
-1.51876765537
-1.51978878116
-1.45951686122
-1.45269389156
-1.41496386334
-1.54302201705
-1.49175881133
-1.40336357947
-1.35243863049
-1.33024168236
-1.4945532646
-1.69990537472
-1.64970542027
-1.82437254902
-1.3645991707
-1.2865864799
-1.58308980756
-1.45180499325
-1.38980756686
-1.77139780736
-1.41671626984
-1.80872582002
-1.66572338831
-1.33580227416
-1.36451037613
-1.79613022113
-1.47305399719
-1.36205136139
-1.38057755776
-1.38271276596
-1.38232535576
-1.51913769598
-1.55753796095
-1.27484966927
-1.58945916115
-1.40919631512
-1.35746056782
-1.50892491468
-1.51818340307
-1.54044759825
-1.57356178977
-1.65611901198
-1.48931924883
-1.68643973214
-1.53080013976
-1.65824197337
-1.76108660786
-1.64120612397
-1.29361478365
-1.32047256098
-1.47101620527
-1.42929242119
-1.41006427605
-1.44525684931
-1.45754355401
-1.35719005664
-1.45827002762
-1.40296554009
-1.38691108162
-1.47754092769
-1.43676981919
-1.33359177215
-1.47911805079
-1.57304744526
-1.60365990991
-1.56339857651
-2.2145087001
-1.51947421299
-1.46171513549
-1.49599932478
-1.55536754003
-1.55463610917
-1.58004092262
-1.67634214744
-1.62234083851
-1.42170026008
-1.75538052373
-1.54085408022
-1.41600459619
-1.67022144522
-1.51150680029
-1.54671929825
-1.3824983628
-1.42968013468
-1.47817572336
-1.39842088805
-1.39041925466
-1.45980222068
-1.64437254902
-1.57463794352
-1.38353072983
-1.42391234805
-1.32397706138
-1.51454451346
-1.48983439042
-1.41110175202
-1.50177586207
-1.39096289187
-1.24146032639
-1.63333990536
-1.61026818516
-1.43937420584
-1.67441360438
-1.5038796103
-1.45868630046
-1.77150080906
-1.56373726346
-1.4619632964
-1.53085144928
-1.67806122449
-1.23774882904
-1.38711356467
-1.52583514887
-1.7506490952
-1.31486918605
-1.40070032573
-1.54541330645
-1.44694920844
-1.64440789474
-1.58669925826
-1.20410090192
-1.40856233244
-1.40152479893
-1.55270618557
-1.08132352941
-1.52030916844
-1.89814899452
-1.73690378289
-1.37922557841
-1.63832300542
-1.42344720497
-1.70942118227
-1.87549913194
-1.18183443344
-1.41909312022
-1.48290762771
-1.5817940552
-1.65603721298
-1.45357371795
-1.43385416667
-1.41350806452
-1.76735150529
-1.45259944173
-1.42051825293
-1.73393145161
-1.44297396529
-1.48947461213
-1.22294961921
-1.76464583333
-1.53564200977
-1.62655314371
-1.40852997449
-1.18557747284
-1.22033828383
-1.38338141026
-1.54376806358
-1.45699652778
-1.4375081011
-1.41475903614
-1.38745104439
-1.56181849551
-1.39610628342
-1.76412875867
-1.36631384409
-1.54525070621
-1.46024365134
-1.44676738142
-1.29859266287
-1.63037289495
-1.71743394716
-1.3147357099
-1.24213992974
-1.41831568498
-1.4869351312
-1.21904420207
-1.59990788504
-1.49158197832
-1.47007236389
-1.4272556391
-1.78072016461
-1.36617372354
-1.23225088968
-1.50074137931
-1.36669424222
-1.57913629738
-1.43156946265
-1.62648214286
-1.38017628205
-1.63430696662
-1.33912583182
-1.41580832196
-1.35992283951
-1.32694582814
-1.39392985611
-1.58414505957
-1.53895431834
-1.63610465116
-1.67198343849
-1.62942379182
-1.59850663717
-1.23587578706
-1.53705048409
-1.65073640483
-1.84450854701
-1.46053264605
-1.58640221402
-1.62267569546
-1.69930451128
-1.53193763139
-1.37392765685
-1.11574855034
-1.39705
-1.6595247447
-1.73496078431
-1.43382450331
-1.4026695769
-1.51649755073
-1.55238684583
-1.45799399199
-1.41517503302
-1.33819924576
-1.56492831541
-1.42232503365
-1.61456965718
-1.51135204082
-1.39375401413
-1.36309006211
-1.53364503817
-1.75931836091
-1.37061294337
-1.55342846553
-1.45333001988
-1.33499093108
-1.38558972733
-1.58130514706
-1.54295007032
-1.55891620499
-1.60663265306
-1.50957334274
-1.76901436552
-1.30323842303
-1.29340405904
-1.28279490219
-1.47012195122
-1.3940560567
-1.42297687861
-1.67435163997
-1.52382839421
-1.39573250491
-1.84781553398
-1.40449561403
-1.27428252551
-1.53173146148
-1.51067511995
-1.34907351154
-1.35057848655
-1.2826533651
-1.48835106383
-1.2636758538
-1.41381917632
-1.60590303479
-1.55944691908
-1.49124383369
-1.35414783731
-1.60096737481
-1.49169568245
-1.4133171521
-1.76352526926
-1.64812072893
-1.37054948586
-1.59065366972
-1.32854719309
-1.53658671587
-1.66377118644
-1.6766468254
-1.37672523962
-1.16888254486
-1.39679153094
-1.51493105951
-1.57842878674
-1.41621212121
-1.5108688067
-1.55068875652
-1.40693442623
-1.58561879297
-1.34941455696
-1.7853026534
-1.69475378788
-1.44381001372
-1.57612767584
-1.39599149215
-1.42435258964
-1.56921885754
-1.29595675355
-1.53469642857
-1.42750178699
-1.55839816124
-1.28274193548
-1.58092057762
-1.3515502611
-1.2435278436
-1.29464495305
-1.57452311078
-1.32161259542
-1.67584811103
-1.4018632534
-1.34143356643
-1.30860856269
-1.35143261965
-1.6625
-1.56692928517
-1.36242946708
-1.30734590066
-1.47215829847
-1.64606443719
-1.59793286219
-1.49122528249
-1.46250830565
-1.7517925983
-1.55722869629
-1.62699851961
-1.50283379694
-1.37191525424
-1.58544694767
-1.78362954186
-1.66949674149
-1.50758561644
-1.39067382812
-1.73259036145
-1.45631560532
-1.58024759793
-1.36492511913
-1.4512966805
-1.29252516282
-1.34012326169
-1.3277306968
-1.4415998664
-1.37097457627
-1.50766860043
-1.32960526316
-1.56250887154
-1.44001017639
-1.57206790123
-1.6822466468
-1.54785764873
-1.41254934211
-1.5267682468
-1.3860206117
-1.18952917389
-1.4648255814
-1.50520976616
-1.41782161804
-1.39541581459
-1.41036194747
-1.36302177858
-1.20261428571
-1.26281934307
-1.36636994568
-1.47433051445
-1.71006972929
-1.67952586207
-1.21808540724
-1.7534407319
-1.40728618421
-1.26602071006
-1.43699451679
-1.54126549964
-1.24372427984
-1.71878531073
-1.5390203933
-1.24820110701
-1.42216950262
-1.54196691176
-1.51022892442
-1.40360013396
-1.23284116972
-1.57290236461
-1.30117769827
-1.66647516679
-1.30801129608
-1.48177997076
-1.25018753606
-1.42427266576
-1.58784796574
-1.58483044733
-1.54156955572
-1.50040780142
-1.76568667763
-1.13123024236
-1.59748161765
-1.51736495845
-1.52066160521
-1.37696439533
-1.61557761733
-1.41622462344
-1.37410714286
-1.53914085546
-1.33841764343
-1.49836259284
-1.31601157831
-1.49693771626
-1.58179307806
-1.56142599278
-1.33595003085
-1.63645149526
-1.34912809131
-1.88265171504
-1.49719442459
-1.50273489933
-1.43318363273
-1.63954836131
-1.35495622264
-1.52413731129
-1.38736316806
-1.53211768851
-1.61782875723
-1.53284555712
-1.71203703704
-1.35437340967
-1.50537997159
-1.38652742347
-1.69179657054
-1.37440090674
-1.37823825503
-1.54271511208
-1.60865384615
-1.54758607784
-1.43801694915
-1.57206755754
-1.30295778835
-1.75145883293
-1.21873947221
-1.68389547813
-1.4184236616
-1.64826203209
-1.69492046276
-1.42522771633
-1.28831790123
-1.54879061372
-1.35792253521
-1.34228054021
-1.64032198372
-1.55614246387
-1.36850157729
-1.50074600972
-1.48902072192
-1.58506711409
-1.21507739082
-1.37302844215
-1.48051736614
-1.49327266238
-1.58577998528
-1.55468523878
-1.5246384671
-1.5456634416
-1.58320568928
-1.38662367725
-1.49457236842
-1.21432840068
-1.31974242424
-1.34758167841
-1.3824547723
-1.62964513557
-1.71099609375
-1.34110639687
-1.5054820095
-1.29137077998
-1.36822319622
-1.5255513439
-1.5602688172
-1.4163328956
-1.39931621081
-1.46315165877
-1.62332434515
-1.46136065574
-1.58176939058
-1.40279046997
-1.47736966825
-1.68783532042
-1.48261854951
-1.48371001391
-1.458356306
-1.56709597742
-1.51340753425
-1.2398312611
-1.64929924242
-1.47901472651
-1.46821010249
-1.36435691318
-1.59297566372
-1.37052013423
-2.00191597415
-1.48297601744
-1.58866344006
-1.5750528169
-1.44872498386
-1.53958759373
-1.43138961892
-1.392234375
-1.61076110706
-1.5208273639
-1.27147142857
-1.45897306397
-1.39693302387
-1.46873737374
-1.53422116091
-1.27675570228
-1.34377756774
-1.48113847252
-1.74918286219
-1.46219889883
-1.60013844937
-1.32534013605
-1.46690262431
-1.35566239316
-1.44420170828
-1.55441481994
-1.30331845238
-1.50381326949
-1.49071479885
-1.45698553583
-1.38332807571
-1.69316950464
-1.7308639399
-1.39662525185
-1.47649730821
-1.49389117043
-1.33186095932
-1.39877388535
-1.43256748072
-1.46520140665
-1.34215170279
-1.38882944228
-1.55425340991
-1.4569315752
-1.49090447154
-1.6185588685
-1.62255357143
-1.21395382817
-1.56511330409
-1.45965231788
-1.52592930029
-1.33756273526
-1.83311715481
-1.51598305085
-1.53331464873
-1.52851370344
-1.35906329923
-1.6226556495
-1.59628560431
-1.37880639098
-1.56865472561
-1.8001442704
-1.65405145929
-1.51886759582
-1.54494931209
-1.3050061237
-1.29269884639
-1.40127091377
-1.35167517549
-1.41198387097
-1.73045004129
-1.67900835866
-1.37280730897
-1.85059003496
-1.53322276536
-1.54380514706
-1.08541223404
-1.40634010485
-1.4111521181
-1.3267599278
-1.51415401302
-1.41922706863
-1.34321428571
-1.7182046332
-1.29701792336
-1.40676729986
-1.29253492433
-1.36359813084
-1.30934769039
-1.25554729328
-1.64881667919
-1.53824054247
-1.41766577361
-1.3212059194
-1.39817969272
-1.55357389503
-1.32022255193
-1.61859305761
-1.5730726464
-2.02990506329
-1.63292005922
-1.68910108025
-1.33765644556
-1.96965793919
-1.9103970965
-1.51598796034
-1.76397299509
-1.83396186441
-1.50582191781
-1.56199520876
-1.61937635184
-1.81543441938
-1.62321843532
-1.43889448925
-1.40197805851
-1.73144666155
-1.48560147849
-1.44966759972
-1.41600197759
-1.51793478261
-1.26109310548
-1.4624829235
-1.56242116328
-1.46542402827
-1.2942
-1.26156493118
-1.82683917879
-1.30064954683
-1.52803415698
-1.29551282051
-1.29762839879
-1.20097581088
-1.68897345824
-1.45275873886
-1.56883464006
-1.53705073996
-1.71406494523
-1.53270408163
-1.55911592076
-1.52066453447
-1.5582967033
-1.27255515802
-1.22708094145
-1.49123147495
-1.53040823447
-1.58579083518
-1.53086911357
-1.52744863014
-1.62921909697
-1.4753180212
-1.29959651388
-1.59577702703
-1.55615183246
-1.26396623223
-1.32790871122
-1.73707386364
-1.21352327448
-1.57384809215
-1.64363275613
-1.2160844047
-1.37732266164
-1.52432385576
-1.3733061101
-1.55975907821
-1.61734182099
-1.53821326676
-1.5230138484
-1.52607564192
-1.46218443198
-1.58459634425
-1.4856874145
-1.3300207346
-1.3640851735
-1.58594708589
-1.3858191906
-1.75538052373
-1.55890081421
-1.2726075106
-1.55791071429
-1.50493031359
-1.52460288809
-1.41634185303
-1.31028173575
-1.54622674018
-2.0211042065
-1.30185240964
-1.52961182336
-1.9057277628
-1.55656133829
-1.56942804428
-1.41799003322
-1.62674287856
-1.40751231527
-1.62934782609
-1.50212802768
-1.60951624294
-1.58303062678
-1.20738700565
-1.48707017544
-1.63149963689
-1.48392034233
-1.50170982736
-1.47815865039
-1.28804282268
-1.21433035714
-1.48619196119
-1.62122315951
-1.62227132975
-1.66266184311
-1.41261635638
-1.54732993197
-1.43136363636
-1.50433309558
-1.55649825784
-1.86098739496
-1.35374598071
-1.7240211433
-1.22909012629
-1.64024064171
-1.29620192308
-1.30649905123
-1.36836832061
-1.52224277068
-1.58776060388
-1.56196596669
-1.44014154049
-1.55374720358
-1.32994058787
-1.65381578947
-1.60112903226
-1.83647757256
-1.39496549561
-1.3142879257
-1.25446377638
-1.59225177305
-1.42649253731
-1.33734737485
-1.32388923655
-1.57591174325
-1.27372386224
-1.33535180573
-1.44380689207
-1.53710180055
-1.50989803094
-1.50914757412
-1.55618503118
-1.59680576071
-1.35247010699
-1.22465576592
-1.28925163983
-1.46720824598
-1.71274875622
-1.4505810093
-1.58648214286
-1.38678571429
-1.51792487236
-1.36874191462
-1.45128777473
-1.39088693957
-1.4346333573
-1.28549908704
-1.26002148557
-1.33378834356
-1.54515032212
-1.44661593264
-1.10826569264
-1.33101480568
-1.44372100729
-1.41459450402
-1.48034986413
-1.14715136054
-1.57576810534
-1.37227124183
-1.573261347
-2.08647308782
-1.57426829268
-1.55221223022
-1.81004614094
-1.8168061674
-1.64693839219
-1.70067776917
-1.26373846154
-1.3785738255
-1.63455882353
-1.37245850622
-1.4261407455
-1.61874042879
-1.53725382932
-1.24652112676
-1.56129574309
-1.32374067164
-1.91175357443
-1.46051465576
-1.29640909091
-1.53702464789
-1.52376355014
-1.41961588969
-1.315625
-1.55257194245
-1.66275
-1.57835032775
-1.86751258389
-1.60257216876
-1.51453448276
-1.43803020566
-1.53257459832
-1.30862676056
-1.22236015982
-1.72539463299
-1.51681526391
-1.83753101737
-1.44617456897
-1.20705599547
-1.33285488959
-1.5345377843
-1.50923469388
-1.3060082435
-1.54130200861
-1.7294015444
-1.42927266797
-1.2242612978
-1.45690675017
-1.45926724138
-1.26096517119
-1.50706026629
-1.54711764706
-1.32169665012
-1.61311567164
-1.44170020121
-1.52309215263
-1.61687127976
-1.27235883424
-1.49760656883
-1.55474594213
-1.70875494071
-1.47075757576
-1.63546692607
-1.24582831325
-1.53768089725
-1.33942831216
-1.22033828383
-1.15009278897
-1.26417844523
-1.58518587361
-1.46286157025
-1.46790355677
-1.48572591146
-1.54271511208
-1.43306833559
-1.43827223354
-1.40166129032
-1.75188259109
-1.45169407895
-1.39622611465
-1.67526778883
-1.42344861021
-1.50210472279
-1.47296863863
-1.34821095208
-1.71246124031
-1.62562405446
-1.32661439114
-1.40941001978
-1.23280789629
-1.52986160397
-1.57979525862
-1.40693319838
-1.5198024948
-1.59695605187
-1.63521048744
-1.5131037859
-1.64987179487
-1.57148466717
-1.17097554039
-1.58632783196
-1.40464262923
-1.27055829735
-1.47071813891
-1.47384275017
-1.61524074074
-1.66362453532
-1.51029010239
-1.35480466289
-1.60589005236
-1.65445368171
-1.44173186344
-1.26934210526
-1.33648942786
-1.7850625
-1.69644540456
-1.26420348475
-1.50304391218
-1.53887491014
-1.49669906166
-1.47787595288
-1.46637457045
-1.29323964497
-1.48366894198
-1.41807420495
-1.56131694791
-1.48420431558
-1.561598689
-1.33745300752
-1.5282770928
-1.58118575624
-1.1865716753
-1.49872093023
-1.53692064607
-1.4542654809
-1.49183345247
-1.72660533911
-1.60855938416
-1.61914432177
-1.89588055798
-1.30517715333
-1.49146634615
-1.50070584373
-1.30560237203
-1.38406405473
-1.39454692557
-1.29652952261
-1.67183665644
-1.73733579639
-1.31344708829
-1.69406
-1.67086568323
-1.39727362855
-1.62782227307
-1.47152523775
-1.6638619403
-1.43896250808
-1.28841112532
-1.59006245408
-1.1797923777
-1.30703125
-1.55533166904
-1.26681137725
-1.26998511905
-1.48849422162
-1.53837509211
-1.63255504935
-1.45945534506
-1.39518861893
-1.23703306797
-1.34884785354
-1.53485527223
-1.58181322674
-1.36228730366
-1.58201721557
-1.77695806962
-1.67506048387
-1.58600950988
-1.31762759924
-1.68416666667
-1.32655183116
-1.31798718813
-1.35795886076
-1.44781537451
-1.4930033557
-1.31449785671
-1.74332653061
-1.54526263298
-1.32045595533
-1.38500637349
-1.52430699931
-1.30384493671
-1.70143020595
-1.501171875
-1.46138853093
-1.64612359551
-1.48509966777
-1.56671929825
-1.33282404298
-1.55316112717
-1.53404745042
-1.19745887192
-1.42191398555
-1.42540899795
-1.39057189542
-1.461482661
-1.32068488943
-1.82307531381
-1.41807249322
-1.42283802334
-1.25176927503
-1.90816651501
-1.38246293801
-1.38353072983
-1.27619266055
-1.37968950064
-1.63138020833
-1.39819177173
-1.47706220419
-1.45743194842
-1.34926558753
-1.51153444676
-1.33553225806
-1.72594453376
-1.48744035446
-1.30121017157
-1.58584656085
-1.58480103169
-1.44710729313
-1.63461388456
-1.58694827586
-1.57769316493
-1.77958298926
-1.54264196676
-1.54731240981
-1.47483789625
-1.36740897269
-1.68938735178
-1.44825581395
-1.66723938224
-1.57806737589
-1.3101222421
-1.34423690932
-1.45863636364
-1.34071338781
-1.40078542781
-1.53793781272
-1.58977930535
-1.51337441706
-1.52268518519
-1.67693392425
-1.60183197631
-1.31539715471
-1.42628916449
-1.42790268456
-1.46728668942
-1.28482089552
-1.89033993115
-1.56580563584
-1.39016579974
-1.62007575758
-1.73677636796
-1.61535505124
-1.43209939148
-1.45471921516
-1.3946994716
-1.17475845411
-1.36836767547
-1.47826763485
-1.43197290152
-1.63618175019
-1.51682389937
-1.81190371025
-1.5657960199
-1.58957423581
-1.32265625
-1.31962163852
-1.57483974359
-1.69086838006
-1.56215203426
-1.48442595109
-1.62250566893
-1.22737237237
-1.25916970803
-1.39067283163
-1.64203317901
-1.56633284778
-1.32017312207
-1.46608425865
-1.47986432826
-1.31819987775
-1.2425659824
-1.35559750492
-1.44171242279
-1.43364257812
-1.43702572347
-1.39510360963
-1.53790433586
-1.74648251192
-1.51914780764
-1.73612616099
-1.38434065934
-1.76355761483
-1.6266468254
-1.5017869535
-1.40790951123
-1.20186361126
-1.57158678286
-1.4456514658
-1.64921993912
-1.33120091623
-1.59316348974
-1.45768845897
-1.25364645858
-1.36072591146
-1.3273263225
-1.43159722222
-1.46008916777
-1.5114389234
-1.84324500434
-1.55706245461
-1.19288830716
-1.36300497203
-1.51223885794
-1.32496923077
-1.45119672131
-1.15581803456
-1.34285037879
-1.30983992467
-1.40855840648
-1.64733146067
-1.55938170121
-1.4022834912
-1.45727241615
-1.68694086429
-1.32294957473
-1.56762955182
-1.21469662278
-1.70512663399
-1.39081210191
-1.73325819672
-1.47042276964
-1.46552140884
-1.31277405603
-1.60953724605
-1.33039245983
-1.22096142254
-1.35641394754
-1.54507686676
-1.42618649733
-1.60042750929
-1.67178951368
-1.53110108303
-1.45739829396
-1.57916666667
-1.41784332689
-1.43716678059
-1.32952059202
-1.659743083
-1.48568675543
-1.6272605364
-1.62296488428
-1.49553509381
-1.30769110276
-1.49348540146
-1.51174698795
-1.40070723684
-1.25813713949
-1.79892538524
-1.50514256619
-1.29855410448
-1.58418068764
-1.6403146323
-1.50583333333
-1.43302919708
-1.43016732283
-1.47298750867
-1.27715146299
-1.37850790514
-1.45342727905
-1.56715367965
-1.32944646098
-1.62477186312
-1.39030676787
-1.51641713092
-1.69782695375
-1.33698347107
-1.41936163318
-1.23298219585
-1.60598336949
-1.19753139269
-1.62086509146
-1.32671428571
-1.3148495086
-1.52857388316
-1.55685600579
-1.356296875
-1.31653251771
-1.42122149837
-1.36979638009
-1.47666781293
-1.49664737917
-1.23991728465
-1.36398111979
-1.39978978008
-1.6269992236
-1.60187358062
-1.57354078762
-1.40904907975
-1.37576873799
-1.43932186235
-1.31969282238
-1.57736632948
-1.43837864721
-1.48258211041
-1.52921875
-1.52212683952
-1.58098170303
-1.32118930547
-1.50280068729
-1.80014668902
-1.47957337884
-1.58015727871
-1.65101532567
-1.50913696716
-1.47251511081
-1.62616494083
-1.38861273554
-1.33001577287
-1.73450207469
-1.66358097484
-1.53112914365
-1.48813010899
-1.47607876712
-1.11540351785
-1.39647435897
-1.65775208491
-1.45766882184
-1.35898154252
-1.29186507936
-1.39850667604
-1.20278412336
-1.56089394969
-1.36341093117
-1.22547086521
-1.41402439024
-1.71996459481
-1.46171363041
-1.34562295082
-1.44066552901
-1.25932227222
-1.32198089957
-1.40371438263
-1.43883898869
-1.72833728278
-1.32112697448
-1.24784961966
-1.51887428977
-1.49027583799
-1.26706631143
-1.71364566285
-1.38761275773
-1.53832877649
-1.40962046205
-1.4681349734
-1.72772335423
-1.38070827943
-1.49454201102
-2.40491935484
-1.77452267303
-1.44916245259
-1.53566497093
-1.61974743777
-1.48925087108
-1.66856748224
-1.29038814181
-1.65323412698
-1.29104500617
-1.42016184573
-1.67682595183
-1.72121848739
-1.37855976486
-1.4968482906
-1.54859029265
-1.33397897898
-1.4027907754
-1.6423150267
-1.58307892777
-1.52751426534
-1.59166666667
-1.35911801632
-1.35940444145
-1.30873190686
-1.18675505741
-1.33166773779
-1.29748253783
-1.65126319759
-1.50502842928
-1.40902095612
-1.61412547528
-1.58365234375
-1.14070332481
-1.70067776917
-1.2957290363
-1.51661381254
-1.54434256055
-1.54111070381
-1.40585483871
-1.79618786858
-1.58461945032
-1.46215229485
-1.3120633511
-1.76220611285
-1.3882031767
-1.38009072581
-1.72523828435
-1.45691856453
-1.69737569061
-1.4183629776
-1.3291928392
-1.3688077634
-1.30240412979
-1.49278047091
-1.36371274572
-1.64091439689
-1.50526407227
-1.42958069063
-1.30389509621
-1.72765330189
-1.50883789062
-1.58084512286
-1.37586150845
-1.36463602714
-1.50367744063
-1.26657482599
-1.34405829596
-1.76507711039
-1.47817840055
-1.70712279294
-1.0805055585
-1.41177573279
-1.88138389032
-1.30833852868
-1.72861919748
-1.47859735974
-1.71461509146
-1.50255722461
-1.76678364988
-1.4348173516
-1.61423758865
-1.58517175573
-1.71641819572
-1.46143292683
-1.29263888889
-1.5506043956
-1.44547457627
-1.49147220316
-1.39760757868
-1.80965259455
-1.31358890215
-1.56643481717
-1.47171734623
-1.38116373902
-1.49610552764
-1.48895631068
-1.83716499162
-1.55679078014
-1.44823432343
-1.35883805135
-1.27053296365
-1.35313072694
-1.324023795
-1.59162427326
-1.41889671361
-1.24898299939
-1.76268939394
-1.56857601713
-1.55005067568
-1.31848646948
-1.36267017327
-1.73352140078
-1.49861908178
-1.27682662539
-1.50386080332
-1.33222815839
-1.62695530726
-1.37583333333
-1.27542798111
-1.54837151038
-1.4806294964
-1.43983965969
-1.6314553094
-1.71775
-1.41427890724
-1.64658684775
-1.40107876712
-1.44276490066
-1.28158135283
-1.2994993932
-1.3694197844
-1.9741510277
-1.48360738255
-1.77384092726
-1.54572458791
-1.71085896474
-1.53136242505
-1.67773972603
-1.46355341739
-1.32289175582
-1.60434229651
-1.41316964286
-1.68191532258
-1.29533671037
-1.34675618588
-1.71700227964
-1.63161596958
-1.70200389105
-1.22892793857
-1.31958618544
-1.58899476831
-1.45793463612
-1.35946899939
-1.47650623269
-1.58357142857
-1.50107215793
-1.4242823765
-1.3776188946
-1.31235456216
-1.60199032738
-1.72787242472
-1.54018110795
-1.45203971119
-1.64285986291
-1.54229052198
-1.33144012945
-1.28013799178
-1.55926246537
-1.53121290801
-1.45927004798
-1.53481878698
-1.27768833536
-1.29690094899
-1.53632915567
-1.73556763285
-1.61367505551
-1.2422783738
-1.5854686319
-1.27812126643
-1.6243158284
-1.43001628664
-1.45035258563
-1.41782982792
-1.68956738132
-1.60393196781
-1.4803125
-1.42954237288
-1.46399381868
-1.50809316354
-1.6615141369
-1.49607355865
-1.60217314488
-1.54460749646
-1.64046411856
-1.64693359375
-1.88345524957
-1.37804224464
-1.53110278373
-1.51184941013
-1.45562200957
-1.30886095593
-1.4987037037
-1.47587748344
-1.51663726182
-1.7351684953
-1.64724962064
-1.63375684128
-1.50814227916
-1.511816609
-1.47284779614
-1.52842905405
-1.39854289456
-1.39791235335
-1.39132456703
-1.33337980173
-1.40473244147
-1.6137244152
-1.45684156379
-1.571753003
-1.53870125348
-1.43005693235
-1.66853214562
-1.51479766804
-1.46086738111
-1.53514035088
-1.4362074948
-1.37465430547
-1.80948641766
-1.39026946108
-1.68244349182
-1.53702389843
-1.62804548959
-1.54819474836
-1.74860532889
-1.47606418919
-1.47857394366
-1.50539145907
-1.49151877133
-1.61981661677
-1.46501229256
-1.38544531762
-1.44151567944
-1.44231958763
-1.36155205656
-1.72764683153
-1.7805088141
-1.25728858663
-1.64352281516
-1.5262374462
-1.39368787276
-1.40490102171
-1.40004792332
-1.27019402985
-1.29780647169
-1.47591698842
-1.47178667564
-1.62328741623
-1.4672705314
-1.28376411171
-1.46783557047
-1.38531027796
-1.5344627809
-1.59661667886
-1.45471666667
-1.5793899859
-1.39099170918
-1.50869956772
-1.54067577548
-1.50367221418
-1.73727380016
-1.27817575406
-1.40479474022
-1.69099535244
-1.39139986376
-1.20482430876
-1.46969646431
-1.40072635135
-1.48104209097
-1.3014446472
-1.52968967922
-1.47118447246
-1.17548361096
-1.43985197368
-1.48498287671
-1.43396194927
-1.47373294347
-1.2010617214
-1.67276407093
-1.80006276151
-1.48685763889
-1.27739091452
-1.6925155521
-1.5511981402
-1.44423207037
-1.52273226042
-1.65149169184
-1.338716133
-1.53333942941
-1.40229124236
-1.46818342776
-1.75354799016
-1.52134492548
-1.4569301848
-1.27160553411
-1.42789634146
-1.61782875723
-1.20734550562
-1.6684471803
-1.30017394054
-1.54222182849
-1.49246203905
-1.58080752212
-1.63384353741
-1.47071382008
-1.55262886598
-1.52795064378
-1.788776771
-1.60408567315
-1.45991349481
-1.39896774194
-1.57749648383
-1.3589678511
-1.26719272055
-1.26590646847
-1.46845105328
-1.30809116809
-1.3199912223
-1.5368403802
-1.38749460975
-1.45549399815
-1.50995814578
-1.50944444444
-1.49173626024
-1.4581871345
-1.61541699553
-1.35755241763
-1.46157407407
-1.51724792408
-1.49411024613
-1.84734214391
-1.58550198721
-1.31632996633
-1.41661562623
-1.2131369702
-1.4050969779
-1.18828353837
-1.40214259862
-1.55233660131
-1.36303811738
-1.38414232037
-1.57316993464
-1.51662438694
-1.59727598566
-1.37427414852
-1.31957537155
-1.346374829
-1.39606606607
-1.31167169757
-1.26655364837
-1.15416666667
-1.45031085605
-1.22928311057
-1.39116770926
-1.48180617467
-1.26356725146
-1.44480770749
-1.40046104195
-1.50743602954
-1.60530340003
-1.18334628335
-1.66192220478
-1.19332918997
-1.32364859922
-1.30336803429
-1.42767704943
-1.3603587963
-1.60035732517
-1.35039267016
-1.55629173087
-1.35568075117
-1.49672384485
-1.42302071563
-1.52761513439
-1.28107269504
-1.51876030333
-1.47791435687
-1.47393699053
-1.3010890704
-1.42598134895
-1.52761952357
-1.6747393745
-1.37056334892
-1.28446104884
-1.54779708619
-2.14994477579
-1.68309871625
-1.32112909921
-1.33647373609
-1.31842921602
-1.26737053796
-1.24774100341
-1.36496982606
-1.76217218052
-1.30601735236
-1.45628367555
-1.63291731669
-1.60901356246
-1.22798841496
-1.54349991413
-1.37640104751
-1.15773594473
-1.56654882155
-1.71440740741
-1.41148699444
-1.33650992685
-1.36896151053
-1.28209437621
-1.34312783002
-1.41326071169
-1.66939321037
-1.39396948762
-1.3638467736
-1.34822020464
-1.42416880791
-2.03946115669
-1.2758773755
-1.42365689866
-1.2530626338
-1.30599351679
-1.38103460378
-1.49207758054
-1.44173364854
-1.37718659997
-1.34899251583
-1.53772552861
-1.46993122877
-1.21321548822
-1.64878298745
-1.38564753979
-1.21911137363
-1.45143518518
-1.38220184821
-1.52309920348
-1.59008939974
-1.49175832935
-1.28375960867
-1.27717013889
-1.34121911525
-1.19571636515
-1.56799168615
-1.34984820886
-1.66006916733
-1.42072802416
-1.20789586001
-1.54026974952
-1.52722302621
-1.49846769847
-1.45164898429
-1.53408898142
-1.36095588766
-1.17382164773
-1.48208447432
-1.19325917097
-1.51610654717
-1.38838878017
-1.59562366965
-1.40778310867
-1.64176516942
-1.5262360883
-1.72879892038
-1.86982155181
-1.24691658224
-1.39233560091
-1.19197324415
-1.43855289889
-1.79215802469
-1.30734312417
-1.49315375982
-1.33409318996
-1.40670147955
-1.41557260585
-1.36054330884
-1.50401281403
-1.80481024234
-1.25848878075
-1.57363915898
-1.53854348731
-1.27825212017
-1.6051335056
-1.45492486179
-1.80284752285
-1.44389483066
-1.64280468016
-1.44448948949
-1.52154959557
-1.63102186524
-1.38254072613
-1.38912115082
-1.38738150738
-1.4572667441
-1.25536327428
-1.46455026455
-1.56048840049
-1.12005854652
-1.27335162902
-1.40644821092
-1.59888373691
-1.34704656011
-1.54926077097
-1.38337041982
-1.39613797399
-1.43140495868
-1.46978716958
-1.60221677115
-1.40219569702
-1.33794905291
-1.24240944241
-1.32005608132
-1.41999711024
-1.59372706039
-1.38855079146
-1.38193339228
-1.17676825036
-1.50422238431
-1.13795216213
-1.32941911305
-1.45191502803
-1.16562315416
-1.22535545024
-1.4179916318
-1.29726753102
-1.47852270054
-1.41779220779
-1.30632876899
-1.10140639269
-1.48506816883
-1.26929317932
-1.54887471203
-1.34669007388
-1.28260013132
-1.38194727698
-1.2613424443
-1.48313649875
-1.39695698659
-1.42714103789
-1.48439134848
-1.35846340247
-1.18898574789
-1.51975740611
-1.3521060034
-1.40319001387
-1.60263135557
-1.25094625783
-1.14934476119
-1.18204465646
-1.51932670504
-1.77008326156
-1.33501977464
-1.134755948
-1.70602725367
-1.37863134658
-1.57022868316
-1.85694444444
-1.77030544489
-1.44324953445
-1.35889333927
-1.2931994141
-1.38986511663
-1.31055701371
-1.51929913234
-1.47342586058
-1.38947141316
-1.51531531532
-1.81772509173
-1.3728891773
-1.54316602317
-1.10473809066
-1.4121927237
-1.46801048836
-1.4505543591
-1.37291393622
-1.36543883583
-1.58698729428
-1.43184281843
-1.64805333333
-1.37644589215
-1.42156952034
-1.3119057577
-1.58723540219
-1.77516339869
-1.39018554338
-1.2032448966
-1.43443139062
-1.30581462291
-1.57172179813
-1.17984527144
-1.40004519774
-1.72410099464
-1.30829781188
-1.33655026455
-1.41571542766
-1.26426071741
-1.26719609892
-1.26189667374
-1.38801150188
-1.48012260536
-1.49832760596
-1.20542227423
-1.5492413118
-1.6746996997
-1.4351051051
-1.17033218786
-1.43830120671
-1.37248317071
-1.36811160937
-1.30049073464
-1.24359403318
-1.38801150188
-1.32783461211
-1.54468339307
-1.56041508479
-1.58704974998
-1.17202238209
-1.37419687592
-1.45316153663
-1.59289289289
-1.69155629139
-1.31547946171
-1.45005485034
-1.20013533631
-1.49654269654
-1.60434925324
-1.41458333333
-1.36464314413
-1.59421787203
-1.23881907042
-1.49935809262
-1.6331092437
-1.46258405379
-1.5784661548
-1.1525074899
-1.57517927951
-1.78638985006
-1.44609619943
-1.59648414501
-1.51561516807
-1.37039097512
-1.49191919192
-1.44694080711
-1.36281686025
-1.51453615778
-1.21094097631
-1.57609172146
-1.28785724244
-1.73257280653
-1.57071895425
-1.46319845857
-1.41395280882
-1.46619866053
-1.49963786008
-1.15410082769
-1.29279318949
-1.72834697526
-1.18878088295
-1.32131616595
-1.41890798014
-1.54410010918
-1.47669887279
-1.55471453987
-1.18653237045
-1.18584343143
-1.54805410339
-1.31650898423
-1.4684359033
-1.4003032272
-1.45567233901
-1.73941844791
-1.4388732834
-1.33756257939
-1.67274292108
-1.33752165725
-1.55012616375
-1.32429078014
-1.36364718132
-1.49626795885
-1.43398263661
-1.42363340312
-1.37834757835
-1.52271010387
-1.52334424186
-1.21613836732
-1.3682118275
-1.18722255154
-1.27583906608
-1.58611544462
-1.31991954501
-1.59382332643
-1.50862391287
-1.40781811514
-1.41422410413
-1.28118556701
-1.46174087445
-1.30768055556
-1.32764311857
-1.41352719907
-1.24091331475
-1.23422138312
-1.36616393443
-1.23396611553
-1.4917278512
-1.36532388963
-1.80788465416
-1.40688429936
-1.52873396272
-1.55851509708
-1.53809642353
-1.55335500542
-1.5986061614
-1.73978437138
-1.92482311908
-1.3878485768
-1.32716374269
-1.42039554117
-1.40128597193
-1.48790123457
-1.40370640123
-1.46221608349
-1.51086299139
-1.34609897787
-1.57131633798
-1.24872282035
-1.47621617202
-1.27370434117
-1.10016186842
-1.39339381251
-1.57915497747
-1.45229704723
-1.69351554126
-1.34111780903
-1.48368484848
-1.30228144559
-1.53371675054
-1.46698120626
-1.38544010589
-1.21918632479
-1.36216298322
-1.37331034978
-1.342015438
-1.62890384775
-1.49221272555
-1.58723298559
-1.50235042735
-1.63592507057
-1.38947520811
-1.55600644122
-1.51924836601
-1.35350628588
-1.2680039835
-1.28534767025
-1.18783250605
-1.37046885934
-1.59842317565
-1.84978142076
-1.34674556213
-1.29336756525
-1.31974996488
-1.24918280456
-1.78502923977
-1.36246849572
-1.4621691146
-1.64248788368
-1.57591875377
-1.34317137476
-1.40235520308
-1.42066048479
-1.20400896574
-1.2839536469
-1.27444662167
-1.21057668407
-1.41877869605
-1.48204887952
-1.37886651752
-1.38438267205
-1.47487275859
-1.50189741116
-1.15043306112
-1.11696382429
-1.44773539433
-1.33267850923
-2.09555337048
-1.5925010725
-1.4136920078
-1.26953628613
-1.37375531269
-1.24953981593
-1.43936919629
-1.46038681387
-1.46254312074
-1.46763142834
-1.80858351388
-1.44831423352
-1.541735204
-1.41069045547
-1.30127195639
-1.31806331471
-1.2424405749
-1.36531833586
-1.53136297439
-1.30692063492
-1.42901366185
-1.52652407274
-1.69315585764
-1.38353081452
-1.38196012826
-1.42146762147
-1.69934750186
-1.2839770501
-1.48388770937
-1.26039101092
-1.46537409893
-1.35885294577
-1.51854129302
-1.4578979812
-1.23679706601
-1.35988881762
-1.45162241888
-1.4182826821
-1.23127218127
-1.64654915373
-1.38275504507
-1.4242946827
-1.56589300411
-1.48657739519
-1.3523347203
-1.5025099695
-1.20719182512
-1.24177306358
-1.50401438967
-1.2149181322
-1.31155421282
-1.55420182841
-1.64388230127
-1.2513038205
-1.36706155633
-1.54895457823
-1.67303908295
-1.27936704506
-1.57618106996
-1.32411430351
-1.52344538534
-1.4707970161
-1.53901234568
-1.30983075791
-1.45068358637
-1.24857699805
-1.38273671161
-1.35920459205
-1.53956306537
-1.53670865633
-1.39309994926
-1.62522711391
-1.52670105625
-1.37234076181
-1.48491418247
-1.44751707014
-1.21818843745
-1.30065439673
-1.24830860534
-1.35154897331
-1.39241657499
-1.39063849125
-1.45582067968
-1.34998284263
-1.27485893417
-1.27257861635
-1.28286346048
-1.35903457273
-1.16628397224
-1.35761122365
-1.57644478191
-1.52241289652
-1.43846974547
-1.17287828841
-1.27554153523
-1.3024558251
-1.31549595573
-1.30673185941
-1.69498084291
-1.36450074283
-1.58222222222
-1.31869918699
-1.29078184363
-1.83405384907
-1.45264008225
-1.40303307423
-1.32664662085
-1.47200587803
-1.73363268181
-1.09961986664
-1.52884022709
-1.37019400353
-1.69187266892
-1.33190596138
-1.5552849411
-1.42623023825
-1.41229376551
-1.42872666054
-1.23475246877
-1.29993730408
-1.38018982373
-1.32202676289
-1.32640505965
-1.52015503876
-1.53004354136
-1.22485829407
-1.32919237042
-1.19730598291
-1.50940661091
-1.47472320377
-1.31502942195
-1.36430537447
-1.23401740054
-1.17744629311
-1.30600922207
-1.74835262689
-1.34707918344
-1.17478787879
-1.26139452298
-1.44677321157
-1.99662288931
-1.43770038695
-1.6331092437
-1.3747136898
-1.25242458954
-1.21441403211
-1.26723422833
-1.5980009995
-1.67511712189
-1.39039672083
-1.73570096943
-1.27481527519
-1.44067851635
-1.77159388844
-1.20077764597
-1.39632916193
-1.50822338395
-1.53650568182
-1.47726638773
-1.21290917473
-1.4157177839
-1.34935233161
-1.28056382768
-1.66757334702
-1.437796245
-1.51862215677
-1.25920945395
-1.38204775023
-1.43440552776
-1.17057766722
-1.46668286362
-1.62074417805
-1.37887995234
-1.65515773892
-1.30857387214
-1.55001215658
-1.90565007351
-1.46023469994
-1.26954904695
-1.3465594669
-1.4076408787
-1.57124078515
-1.33542417179
-1.57072714917
-1.31504688832
-1.56103297969
-1.28807655239
-1.37534267555
-1.46936981758
-1.21403096218
-1.48722103089
-1.49660582773
-1.83400817413
-1.33895206243
-1.50989086534
-1.41310426893
-1.51473467285
-1.27640736262
-1.32292813779
-1.18981598539
-1.18667677917
-1.40558583106
-1.34299145299
-1.32867895864
-1.68695346178
-1.53957703927
-1.24452120514
-1.5445708028
-1.50041882237
-1.66894769669
-1.53178410795
-1.41200335545
-1.67034920635
-1.41141572382
-1.54264905149
-1.46475570033
-1.14179077036
-1.59360707303
-1.34242223693
-1.36843800322
-1.46571806236
-1.34866262081
-1.28059149723
-1.36005847953
-1.62609079668
-1.60810854207
-1.34530334015
-1.46656402361
-1.46993835941
-1.25266247379
-1.87612463681
-1.58990397805
-1.63953235454
-1.33070877497
-1.25330058793
-1.45847707848
-1.45421469458
-1.4862821766
-1.42601626016
-1.53874621703
-1.44945685909
-1.69807454513
-1.29250191811
-1.29856296296
-1.37110814023
-1.55395884774
-1.57875420875
-1.38222222222
-1.63775671406
-1.40285213147
-1.54932208995
-1.67812883974
-1.45289041619
-1.23770445572
-2.03413493654
-1.37307068024
-1.64214498859
-1.47335936902
-1.50047496691
-1.35586938653
-1.29026512852
-1.14932690376
-1.56593600403
-1.3140510697
-1.51516311717
-1.20648539778
-1.37215510813
-1.09285576738
-1.37715967623
-1.18583778286
-1.03536164048
-1.1456340167
-1.70206860435
-1.34337777778
-1.14171982988
-1.39340927
-1.55615149377
-1.22555018787
-1.29471857867
-1.37768626554
-1.54857539958
-1.43391243919
-1.49797678275
-1.56811745287
-1.60688888889
-1.31649340116
-1.32547941342
-1.34419690219
-1.52682653877
-1.67291785782
-1.45380452085
-1.48812733227
-1.41003281763
-1.75488215488
-1.33477748305
-1.35798769453
-1.55660267597
-1.04021842355
-1.52005379055
-1.65601780517
-1.2530102491
-1.36471389646
-1.54719307013
-1.39699902468
-1.64036890646
-1.33759748158
-1.38742252457
-1.28833194096
-1.50234469422
-1.53541341654
-1.38820445609
-1.59045671438
-1.36012052731
-1.58617206548
-1.35767059664
-1.27943033723
-1.47082530507
-1.43448864077
-1.65566611387
-1.2884415499
-1.31848445028
-1.40316569201
-1.59414414414
-1.38796490411
-1.79475333512
-1.23146037459
-1.53963942499
-1.47671512369
-1.4063282795
-1.19639427788
-1.38912562047
-1.68873644986
-1.35348148148
-1.53192686357
-1.39394982079
-1.27114651416
-1.7714204867
-1.41024280431
-1.42412398922
-1.61404646137
-1.18573816872
-1.38663844797
-1.35435272891
-1.4967377261
-1.16174863388
-1.65206558578
-1.25105691057
-1.35158677072
-2.18885545525
-1.5117651639
-1.23242955875
-1.40635576997
-1.55459813555
-1.2306835115
-1.49780297661
-1.50508447044
-1.21181386515
-1.57769535114
-1.47437609283
-1.54422726088
-1.44434101655
-1.34649835972
-1.22226324786
-1.47767767768
-1.27012405939
-1.25790914067
-1.26782071927
-1.20525700935
-1.33100953176
-1.57371193416
-1.27912151423
-1.40924217333
-1.31572089113
-1.63788411282
-1.58979487179
-1.313003663
-1.19575942915
-1.5281193561
-1.44059598682
-1.66055159045
-1.36196726258
-1.31071829405
-1.45581395349
-1.38817155067
-1.25429046483
-1.45916982323
-1.39041889483
-1.69636927568
-1.30015258704
-1.59380915835
-1.28137041866
-1.49133709981
-1.44288808664
-1.45068358637
-1.36622338493
-1.45196850394
-1.38094461434
-1.46579275905
-1.62652733119
-1.4545856005
-1.78966537253
-1.33502789833
-1.31620547751
-1.26028145348
-1.49260326609
-1.20944411237
-1.38893455099
-1.45570392351
-1.28597037037
-1.43963844797
-1.43891213389
-1.59810379241
-1.4576650674
-1.27300201012
-1.20033029462
-1.40222063605
-1.32619669278
-1.63927401505
-1.41604854001
-1.48966658393
-1.13505167959
-1.54175680105
-1.58124838125
-1.36424850323
-1.36079764333
-1.33396157499
-1.56397011046
-1.32477449129
-1.80140621905
-1.30563420563
-1.06178976438
-1.1817441555
-1.45005642067
-1.46184622801
-1.15150712574
-1.53067774519
-1.53895963379
-1.26901084011
-1.56662461098
-1.51979297103
-1.26754440961
-1.82559952038
-1.38058855501
-1.1867494824
-1.41717734448
-1.30630122263
-1.26483068135
-1.43347398031
-1.25029310693
-1.31572005956
-1.35479441833
-1.56566918206
-1.15848525555
-1.34501501501
-1.37364976627
-1.40829690975
-1.49830339321
-1.47506065017
-1.47308711236
-1.2006532253
-1.5067274618
-1.52362727351
-1.66231040564
-1.52981662899
-1.33980707395
-1.41440834336
-1.50440499671
-1.64969274207
-1.43823770187
-1.49695067986
-1.35694725028
-1.20551314673
-1.54199870424
-1.43003747037
-1.28811013767
-1.75019807583
-1.33954248366
-1.66584036568
-1.29622208307
-1.62006734007
-1.30286873776
-1.50780644073
-1.32505706502
-1.39137219596
-1.79017957351
-1.43574744661
-1.2458662117
-1.52597530864
-1.25615163083
-1.2801897019
-1.25038126362
-1.54475330641
-1.31656867179
-1.29280885065
-1.25923251772
-1.45185696746
-1.22253948548
-1.3167466778
-1.64198857338
-1.18265249021
-1.91424072434
-1.67745571659
-1.29526470378
-1.32789473684
-1.39050533584
-1.42972241553
-1.32837628503
-1.53088595203
-1.3635516618
-1.41719338716
-1.11463321931
-1.52846690488
-1.40623524624
-1.29044250243
-1.2935325477
-1.38391675957
-1.09028774771
-1.82740552257
-1.36008002462
-1.27009332167
-1.27002552734
-1.40735171261
-1.4419077998
-1.17305287095
-1.47307568438
-1.45886557887
-1.27898645697
-1.19780473715
-1.64654291095
-1.60830737279
