0.0371266380637
0.0369045451802
0.036758421727
0.036763171844
0.0368427594615
0.0382689276194
0.0422326321164
0.0446735253345
0.0455292656292
0.0516867582115
0.0566166236845
0.0591957752195
0.0643702886918
0.0665270948773
0.0721928046498
0.0756485285603
0.0791592496765
0.0822002076337
0.0881343225863
0.0921610694448
0.0946762471727
0.104721223553
0.111506385924
0.115705589709
0.118153309017
0.12066145032
0.123308337738
0.125334297679
0.132437350861
0.134638032759
0.136749492128
0.14071878273
0.144439531537
0.145371065648
0.147641052295
0.152510764096
0.156833343138
0.162265307458
0.170346477841
0.171423010775
0.178857089385
0.178761058712
0.178812662832
0.181933316573
0.186676816947
0.194298741211
0.194778987304
0.198253078275
0.20162252521
0.202958507903
0.208406776102
0.212695610833
0.215387497247
0.218593062908
0.221248956277
0.220748415432
0.22674336838
0.229951533455
0.23372871003
0.238997198846
0.239883574949
0.244497252547
0.244831830716
0.248748352574
0.257129174228
0.261129691625
0.261437078243
0.270290220344
0.269346313729
0.273947893183
0.27732608284
0.280601296886
0.284232680535
0.286561028508
0.2929299797
0.296116164299
0.299957819514
0.300259573286
0.302052158426
0.305475445566
0.310963857837
0.313283863957
0.319794041905
0.320125027484
0.325011270078
0.326280208708
0.327393399744
0.331181201617
0.330098559091
0.332682665592
0.335032639927
0.337596071859
0.347348121099
0.345495069751
0.344250747111
0.349736326078
0.350034919831
0.357959035099
0.356490825012
0.363642143605
0.362962826251
0.365729259413
0.366157427136
0.370161426047
0.376991987098
0.375259854101
0.378542540842
0.380246119353
0.383131940985
0.382037492985
0.385057485314
0.392997809979
0.390796500942
0.389356833308
0.398216009526
0.396581396304
0.396528213263
0.411937159167
0.409472936273
0.408447398436
0.408773459137
0.414939406528
0.416800914055
0.417749395367
0.420122302526
0.424033097203
0.426356353909
0.427850638479
0.431195469443
0.433325551863
0.431182619366
0.429726157774
0.436956727917
0.434791041208
0.43952385675
0.445421579918
0.443205659483
0.449014641481
0.446703237718
0.447326344295
0.449887052485
0.449067127959
0.447874282374
0.453623523669
0.458463570868
0.456844429193
0.458903615187
0.458399344153
0.466334335225
0.473202984897
0.470821480911
0.469873162462
0.476551456353
0.473999361518
0.4779718713
0.479902677125
0.479349203075
0.487889530296
0.486168486733
0.484979999966
0.487153205992
0.485583314279
0.491130419732
0.488566471229
0.486093264428
0.488936905351
0.495858684782
0.494239698408
0.492928378552
0.490353607893
0.495415521114
0.495736194017
0.49778559299
0.495106811299
0.508797077905
0.505828076358
0.503401026221
0.509455604914
0.506782079958
0.514205946997
0.516143444127
0.517392632298
0.515121021287
0.512413762827
0.515858271032
0.518536219167
0.518577981174
0.521995194263
0.519469301853
0.518083154832
0.521776310194
0.519178789801
0.528853728002
0.526512007051
0.524484337938
0.531227565364
0.528274046757
0.529758293371
0.529652987993
0.538438167576
0.536040615326
0.534779148224
0.535698587259
0.533166615986
0.541322651069
0.538159394526
0.542438959824
0.539194070468
0.536342715806
0.537545120146
0.542194502057
0.53910046892
0.536249046154
0.549274278318
0.54643766882
0.54346834214
0.54343014548
0.554103677746
0.551462212049
0.548312537457
0.551075713602
0.549949956287
0.557934626694
0.554671637793
0.560869669785
0.557664123135
0.555151313544
0.561298735372
0.569927004243
0.566517680417
0.564175763552
0.579090096003
0.575625958233
0.572182543059
0.568909277624
0.584281405207
0.580786212838
0.577611367236
0.574230716137
0.571916516921
0.578806553038
0.575792921274
0.582527090046
0.579266471458
0.576100470059
0.596075352973
0.592509608785
0.589039970344
0.585665660987
0.58216218795
0.578978594804
0.583066379664
0.579877714574
0.577232068248
0.575949665023
0.584984466184
0.589035179639
0.585736145473
0.582606801376
0.589070403655
0.585845867029
0.582790596796
0.580501379228
0.586210812523
0.58330082505
0.588039680676
0.584896444352
0.58566028616
0.582980002643
0.589723703572
0.586345438572
0.583061754584
0.590284243915
0.59250740132
0.589112573992
0.588279361858
0.585283995349
0.593246899052
0.590894839833
0.587659389506
0.595796297514
0.592232222645
0.588689468201
0.598409020155
0.595129158484
0.591569074465
0.595368777182
0.594203640504
0.590798307532
0.588609058285
0.587403459992
0.607365929585
0.603732644762
0.600121094379
0.59660585649
0.593336062784
0.590010829519
0.623022015672
0.619369671671
0.615664580031
0.611981652383
0.608395397002
0.60498050432
0.601735523358
0.613089958387
0.609572117549
0.60600063523
0.60289856381
0.623624852603
0.619894306318
0.616186076295
0.612500029037
0.608836031846
0.605268840403
0.61796779928
0.614271093691
0.610671411982
0.607093308658
0.603835531416
0.625338033106
0.621597238514
0.617878821489
0.614332198843
0.610806837153
0.607527317043
0.632350051683
0.628567310943
0.624807198694
0.62114433248
0.617503310416
0.613809383417
0.617535715615
0.613991100824
0.621132245461
0.617416610042
0.613947819655
0.626883117587
0.623282945304
0.61977874834
0.626983497687
0.623756265147
0.620774527964
0.617360785149
0.619791352447
0.616158401556
0.636790796486
0.632981491052
0.629194973019
0.625580679184
0.621838433073
0.618118573214
0.61472044911
0.639522931
0.635771945096
0.631968734467
0.628188274781
0.62458016019
0.621143314955
0.617576895043
0.632985574233
0.629348335896
0.626183439045
0.622587250287
0.620583464798
0.617020730193
0.635731714195
0.631928744228
0.628297895086
0.624689237077
0.620952323606
0.617312405348
0.638303386154
0.634485032353
0.630689520083
0.626916712703
0.623166474392
0.619588265749
0.642949713906
0.639103565606
0.635280425103
0.631480154764
0.627777437995
0.62424646657
0.620512201768
0.616875275472
0.654447971083
0.650533039795
0.646641527767
0.642773294904
0.639077707764
0.635254721944
0.631529560376
0.628126323067
0.646646673966
0.642927781639
0.639081764539
0.635333484936
0.642702815636
0.639531145582
0.63607876452
0.632948471037
0.638262607135
0.634444497276
0.631697003732
0.638629099468
0.634883460497
0.632133318718
0.634991911929
0.632092243424
0.637361037614
0.633548320977
0.635225566509
0.63150042211
0.628696955138
0.627101033095
0.637934136916
0.634117991977
0.630549360645
0.626852234369
0.624970307817
0.627800758865
0.624643749006
0.632127132726
0.628570568053
0.625183685471
0.621593432316
0.618324274414
0.658821340423
0.654880247482
0.650962730302
0.647068647849
0.643197859938
0.639424935289
0.635599872342
0.631872488831
0.644607167951
0.640826104702
0.638188774073
0.640588622079
0.636906014296
0.633769761229
0.64573579077
0.641872976058
0.638257909705
0.63451480545
0.631317161037
0.652151021785
0.648249830931
0.64437197714
0.640666961572
0.637209199008
0.634896761685
0.641037918593
0.637352936964
0.635934477859
0.633775016397
0.642400114498
0.638557253922
0.634887246563
0.631611948738
0.641971751623
0.638430600961
0.635509329185
0.632529971541
0.629119582857
0.625505403846
0.629089079158
0.625400710794
0.622108216266
0.626541854513
0.622943297172
0.627426539266
0.623673251155
0.620690618293
0.635872294399
0.632068483477
0.628362179996
0.624603294848
0.6210168505
0.617376725593
0.627980459805
0.624298611029
0.621311698409
0.61766987708
0.634885840919
0.631087930997
0.627312740308
0.623709481865
0.620202553715
0.616642165318
0.631263771406
0.627562236903
0.623808137044
0.620375461266
0.616739150729
0.613349457653
0.644331165541
0.640476753347
0.636645398386
0.632836962728
0.629051309269
0.62536318931
0.621771503568
0.618650785641
0.624592380108
0.621005956066
0.620212455938
0.623916957604
0.620409169684
0.616847320701
0.613232070763
0.630454136664
0.627056076971
0.623305004978
0.619725878179
0.616018655699
0.613231475165
0.636462804503
0.632655461128
0.629020646124
0.625257822008
0.621592484745
0.61981971821
0.636481143801
0.63267369072
0.628963834176
0.625201349911
0.621461372962
0.617968027663
0.620997652824
0.619377363339
0.616493051348
0.617582093541
0.614708811933
0.611181242182
0.625232762204
0.621492597346
0.618073616857
0.614376278264
0.619883787558
0.616475104194
0.612862058447
0.609420580913
0.624032215327
0.620299232183
0.616812883899
0.613123087055
0.628756577158
0.624995332713
0.621256588166
0.617615208924
0.615042960862
0.620765970519
0.617501043825
0.614181501564
0.622494269964
0.618845284638
0.615442027745
0.616858206842
0.61331768961
0.609872903012
0.634617162291
0.630820859614
0.627047266556
0.623296247268
0.61979223962
0.616309597666
0.653058602826
0.649151982789
0.645268732293
0.641408711542
0.637571781573
0.633757804258
0.630116148168
0.626571209194
0.643925840739
0.640073853213
0.636319616485
0.632513129666
0.628804345918
0.625192501076
0.621527150777
0.634024659873
0.630306497659
0.626535981533
0.623161830269
0.621527068412
0.618853842376
0.61619925288
0.612662924572
0.637034734833
0.63322397015
0.629436001599
0.625670692812
0.622077593897
0.618356303369
0.622454869245
0.618955266934
0.615327250369
0.611796273156
0.641288025425
0.637451817406
0.63363855772
0.629848109091
0.626080335062
0.622335099992
0.618612269054
0.614986371482
0.6543105444
0.650396435203
0.646505740349
0.642638319771
0.638794034241
0.63504754314
0.633193767316
0.639754068372
0.635927036539
0.632347515974
0.637847370181
0.634031744284
0.630238943599
0.62691719208
0.644812734137
0.640955441183
0.63719579641
0.633384068251
0.629670074518
0.625903365498
0.622607370304
0.644814155065
0.641106382058
0.637420878907
0.633607804296
0.629817539635
0.650543199308
0.646651626506
0.642783333231
0.638938180226
0.635190984078
0.631391248779
0.628586974635
0.675102451283
0.671063964152
0.667049635397
0.6630593205
0.65909287581
0.655150158535
0.651380263684
0.647483683532
0.644059132847
0.679187074483
0.675124152989
0.671085536038
0.667071078238
0.66308063507
0.659114062876
0.655246128913
0.651401265682
0.647654492425
0.669972641867
0.665964841441
0.662205117634
0.658243782816
0.654380875332
0.650616210474
0.672445984404
0.668423388353
0.664424855617
0.660525242247
0.656573956505
0.652646307496
0.648816839485
0.680447486655
0.676377025331
0.672330913652
0.668309005959
0.664311157462
0.660337224239
0.656536479366
0.652609054547
0.649003821561
0.679731918214
0.675665737446
0.671623880717
0.66760620252
0.66368742334
0.659717221317
0.655770769185
0.652146578092
0.665895983454
0.661912569745
0.65795298496
0.654017086553
0.650179440901
0.646290044114
0.642722993606
0.649358085304
0.645473601896
0.641612355607
0.666256052898
0.662270485241
0.658308759392
0.65437073273
0.650755634556
0.68138904602
0.677312952254
0.673261241827
0.669233768877
0.665305388415
0.661325507667
0.65766799832
0.68891617481
0.684795053489
0.680698584863
0.67662662146
0.672579016689
0.668630265697
0.664630495413
0.660804382249
0.682217051435
0.678210667768
0.674303182721
0.670494072457
0.666557950587
0.678237075602
0.674329567278
0.670370591152
0.666584938174
0.662896639293
0.669842563785
0.66583554149
0.662823470477
0.658933346705
0.676856738789
0.672882577663
0.668857369896
0.664856241067
0.660879047134
0.657449027433
0.653516143718
0.690067980042
0.68593996858
0.681836651031
0.677757879675
0.673778215746
0.669822560294
0.665964849844
0.662055866838
0.658245065283
0.671917603328
0.667898168072
0.663902777222
0.660005883036
0.656356828126
0.663563953267
0.659669085938
0.656321169457
0.660630893461
0.656828818294
0.656046407147
0.652721059571
0.669127626873
0.665124881357
0.661220945529
0.657265498065
0.653333712229
0.649724660074
0.659345428583
0.655401200529
0.65155543211
0.648180492446
0.661465772563
0.657583860535
0.653650170243
0.649740011429
0.645853243325
0.642288782619
0.6766039935
0.67255652409
0.668533266787
0.664534076754
0.660558810019
0.656607323473
0.652679474862
0.648775122782
0.644968700393
0.64118524978
0.697895221038
0.693720386739
0.689570526449
0.685445490773
0.681345131208
0.677269300141
0.673217850843
0.66919063746
0.665187515012
0.661208339386
0.657477832393
0.694651453034
0.690496023072
0.686365451041
0.682259588241
0.678178286859
0.674196040832
0.670611762951
0.667124240143
0.713635555306
0.709366561762
0.70512310549
0.700905033727
0.69671219462
0.692544437228
0.688476544041
0.684358052606
0.680339130666
0.676269317531
0.694816839784
0.690660420472
0.686528865011
0.68249668792
0.678563317119
0.674653722571
0.696590880205
0.69242384852
0.688281744168
0.684164418033
0.680071721891
0.676378104079
0.672331985948
0.691141646134
0.687007211963
0.682897510126
0.678812392673
0.674826667553
0.70167675655
0.69747930097
0.69330695472
0.689159567595
0.685036990289
0.680939074389
0.677239414553
0.673188144031
0.694522571201
0.690367912215
0.686238106548
0.682133005527
0.678127147029
0.674070566059
0.670487577734
0.68280405648
0.67871949807
0.674659373635
0.670623537011
0.666761438782
0.663372555506
0.660226586369
0.65665121084
0.679721775336
0.675655655243
0.671613858826
0.667596240581
0.663602655872
0.659632960931
0.656360709115
0.65265828075
0.672773236162
0.66874868248
0.664748203822
0.660846633675
0.656893425358
0.653113281474
0.649355683267
0.66624772488
0.66226220704
0.658300530712
0.654437553274
0.650971718461
0.649838868769
0.646775161043
0.672383881622
0.668361657072
0.664363493615
0.660389247315
0.656438775099
0.652661395727
0.648757151798
0.644876263195
0.641616097902
0.655925176485
0.65207616141
0.648175418373
0.644372852386
0.640817202566
0.638633069015
0.66565574783
0.661673771219
0.657715614935
0.653781136484
0.649870194225
0.645982647363
0.642118355946
0.638352180859
0.661780217849
0.657821424797
0.653961223442
0.650049203896
0.646160586192
0.642295230338
0.638527929713
0.635008165195
0.684115340865
0.680022938304
0.675955016643
0.671911429436
0.667892031112
0.663896676974
0.659925223188
0.656052459312
0.652202548391
0.648675128727
0.675597953071
0.671556501831
0.667539226697
0.663545983047
0.659651424898
0.655929939271
0.652080828456
0.674844352705
0.67088209519
0.666868854381
0.662954373831
0.658988556936
0.655270700002
0.651725532261
0.667378359704
0.663386078367
0.659417679
0.655473018741
0.651626865635
0.676040457244
0.671996358927
0.667976452553
0.663980593402
0.660008637625
0.656285239882
0.652508913862
0.648830132644
0.682316549098
0.678234906975
0.674327613899
0.670293761873
0.666284040495
0.66244774401
0.658484957793
0.654845225748
0.651301862418
0.672012751316
0.668067634466
0.664145870725
0.660547566428
0.656596147142
0.670555942337
0.666544652586
0.662557358515
0.65859391658
0.654878555445
0.651110554229
0.681608340138
0.677530934546
0.673477920141
0.669449151014
0.665444482129
0.661463769316
0.657506869271
0.653948594551
0.658800634677
0.654859665599
0.6510169572
0.661652405237
0.657768995239
0.653834197465
0.649922937793
0.646035075417
0.645093513801
0.66249607907
0.658533003711
0.654593635611
0.650677832953
0.646935207473
0.643363849009
0.639739527216
0.658234388332
0.65429680656
0.650532599652
0.646641090257
0.642847837514
0.639002298642
0.662766839186
0.65880214413
0.654861166023
