0.12425
0.0
0.0
0.00025
0.00025
0.00275
0.0105
0.00475
0.001
0.01925
0.01325
0.00475
0.0155
0.0035
0.01375
0.00925
0.00875
0.00675
0.0165
0.01175
0.00525
0.02975
0.019
0.01175
0.00625
0.0065
0.0075
0.00625
0.02225
0.007
0.0055
0.01125
0.0105
0.00225
0.007
0.016
0.0125
0.01825
0.025
0.00475
0.02625
0.0015
0.002
0.01
0.016
0.0265
0.00275
0.01125
0.0115
0.005
0.01725
0.0145
0.00975
0.0125
0.00825
0.00125
0.02275
0.0115
0.014
0.01725
0.00475
0.01725
0.00325
0.01425
0.03075
0.0145
0.00525
0.031
0.0005
0.01725
0.0135
0.012
0.01425
0.01125
0.02225
0.013
0.0145
0.0035
0.00825
0.01375
0.02075
0.01225
0.02325
0.004
0.02025
0.008
0.005
0.0165
0.0015
0.01225
0.01075
0.01275
0.03675
0.00025
0.00125
0.023
0.00475
0.031
0.0005
0.03025
0.002
0.0135
0.006
0.0185
0.027
0.00025
0.01575
0.01
0.015
0.0025
0.0145
0.03225
0.00025
0.00125
0.03575
0.0015
0.0055
0.0585
0.0
0.00325
0.00675
0.0255
0.0115
0.00925
0.0135
0.01875
0.014
0.01175
0.01825
0.015
0.00025
0.002
0.03025
0.0005
0.02325
0.027
0.00075
0.02675
0.0005
0.00875
0.0165
0.0045
0.00325
0.02725
0.02325
0.00325
0.0135
0.006
0.033
0.02975
0.00075
0.004
0.02925
0.00025
0.0215
0.0135
0.00525
0.03775
0.003
0.00475
0.01425
0.00325
0.0265
0.00075
0.001
0.018
0.03225
0.0035
0.00325
0.0
0.025
0.00925
0.0145
0.0
0.055
0.0
0.001
0.02725
0.0005
0.034
0.01475
0.01325
0.00125
0.0005
0.0205
0.017
0.0085
0.01975
0.0015
0.0045
0.0215
0.00075
0.0425
0.0015
0.00225
0.0315
0.0
0.01475
0.007
0.03925
0.002
0.0055
0.01175
0.0015
0.037
0.0
0.024
0.0
0.00075
0.01275
0.0245
0.0
0.00075
0.05225
0.00075
0.0005
0.01
0.045
0.0015
0.00025
0.0195
0.00575
0.037
0.0
0.03025
0.0
0.00175
0.03125
0.03825
0.0
0.00275
0.06025
0.0
0.0
0.0
0.062
0.0
0.0
0.0
0.00225
0.0335
0.001
0.033
0.00025
0.00025
0.078
0.0
0.0
0.00025
0.0
0.00025
0.02425
0.0
0.00175
0.00625
0.041
0.02425
0.0
0.0005
0.033
0.0
0.0005
0.00275
0.03
0.0015
0.02675
0.00025
0.01225
0.00175
0.03325
0.0
0.00025
0.03425
0.01825
0.0
0.00875
0.001
0.037
0.00325
0.0
0.0385
0.0
0.0
0.04375
0.00025
0.0
0.02375
0.0075
0.0
0.00375
0.00625
0.078
0.0
0.0
0.0
0.00025
0.0
0.1215
0.0
0.0
0.0
0.0
0.0005
0.00025
0.04925
0.00025
0.0
0.00125
0.08
0.0
0.0
0.0
0.0
0.0
0.0535
0.0
0.0
0.0
0.0005
0.08375
0.0
0.0
0.00025
0.0
0.00025
0.0945
0.0
0.0
0.0
0.0
0.0
0.0235
0.0
0.036
0.0
0.00025
0.05525
0.00025
0.0
0.03575
0.001
0.002
0.0005
0.02025
0.0
0.08075
0.0
0.0
0.00025
0.0
0.0
0.0005
0.09375
0.0
0.0
0.0
0.0
0.00025
0.00025
0.06275
0.00025
0.00125
0.0
0.00425
0.00025
0.07475
0.0
0.00025
0.00025
0.0
0.0
0.0825
0.0
0.0
0.0
0.0
0.0
0.08925
0.0
0.0
0.0
0.0
0.0
0.0
0.0
0.1365
0.0
0.0
0.0
0.00025
0.0
0.0
0.001
0.07325
0.00025
0.0
0.0
0.03625
0.0015
0.00075
0.0015
0.02975
0.0
0.00275
0.035
0.0
0.0025
0.0215
0.0025
0.029
0.0
0.01725
0.0
0.00225
0.007
0.04775
0.0
0.00025
0.0
0.0055
0.021
0.0015
0.037
0.00025
0.00075
0.0
0.001
0.14675
0.0
0.0
0.0
0.0
0.0
0.0
0.0
0.055
0.0
0.003
0.0195
0.0
0.00125
0.0525
0.0
0.00025
0.0
0.00125
0.08225
0.0
0.0
0.0
0.00075
0.00425
0.03275
0.00025
0.00725
0.00475
0.04125
0.0
0.0
0.00125
0.04625
0.00025
0.0025
0.00225
0.0005
0.00025
0.02375
0.0
0.001
0.02675
0.00025
0.027
0.0
0.00175
0.062
0.0
0.0
0.0
0.0
0.0
0.04625
0.0
0.002
0.0
0.06975
0.0
0.0
0.00025
0.0
0.0
0.06025
0.0
0.0
0.0005
0.0
0.00075
0.1155
0.0
0.0
0.0
0.0
0.0
0.00025
0.00025
0.0315
0.0
0.009
0.024
0.0
0.00025
0.0
0.068
0.00075
0.0
0.0
0.0
0.00225
0.0895
0.0
0.00025
0.0
0.0
0.00525
0.068
0.0
0.0
0.0
0.0
0.00025
0.02025
0.006
0.002
0.015
0.0025
0.0
0.059
0.0
0.00025
0.0
0.03
0.0005
0.0
0.0
0.06075
0.0
0.00025
0.0
0.064
0.0
0.0
0.0
0.0025
0.031
0.0005
0.00075
0.039
0.0
0.0005
0.01575
0.0
0.00025
0.09475
0.0
0.0
0.0
0.0005
0.0005
0.13475
0.0
0.0
0.0
0.0
0.0
0.0
0.00025
0.07
0.0
0.0
0.0
0.0
0.0
0.0
0.053
0.0
0.0
0.0005
0.006
0.00275
0.00275
0.0
0.09325
0.0
0.0
0.0
0.0
0.0
0.02525
0.00025
0.0
0.00025
0.11075
0.0
0.0
0.0
0.0
0.0
0.0
0.0
0.143
0.0
0.0
0.0
0.0
0.0
0.0055
0.03375
0.0
0.0005
0.03
0.0
0.0
0.00125
0.072
0.0
0.0
0.0
0.0
0.0
0.001
0.08475
0.0
0.0
0.0
0.0
0.08125
0.0
0.0
0.0
0.0
0.0
0.00125
0.1675
0.0
0.0
0.0
0.0
0.0
0.00025
0.0
0.00075
0.1295
0.0
0.0
0.0
0.0
0.0
0.0
0.0
0.0
0.08675
0.0
0.00025
0.0
0.0
0.00025
0.08475
0.0
0.0
0.0
0.0
0.0
0.0
0.11825
0.0
0.0
0.0
0.0
0.0
0.00025
0.0
0.0005
0.11525
0.0
0.0
0.0
0.0
0.0
0.0
0.0
0.058
0.0
0.0
0.0
0.0
0.0
0.00025
0.034
0.0
0.0
0.09475
0.0
0.0
0.0
0.00025
0.1145
0.0
0.0
0.0
0.0
0.0
0.0005
0.11725
0.0
0.0
0.0
0.0
0.0
0.0
0.0
0.084
0.0
0.00025
0.00025
0.0
0.0515
0.00025
0.0
0.0005
0.00025
0.0355
0.0
0.00275
0.0
0.07175
0.0
0.0
0.0
0.0
0.00075
0.0
0.13475
0.0
0.0
0.0
0.0
0.0
0.00025
0.0
0.0
0.05875
0.0
0.0
0.0
0.00025
0.0365
0.0
0.001
0.02675
0.00025
0.0095
0.00175
0.067
0.0
0.0
0.0
0.0
0.0005
0.0445
0.0
0.0
0.001
0.05725
0.0
0.0
0.0
0.0
0.0005
0.12725
0.0
0.0
0.0
0.0
0.0
0.0
0.0
0.0
0.0
0.2025
0.0
0.0
0.0
0.0
0.0
0.0
0.0
0.0
0.0
0.00025
0.1375
0.0
0.0
0.0
0.0
0.0
0.00075
0.00125
0.168
0.0
0.0
0.0
0.0
0.0
0.0
0.0
0.0
0.0
0.075
0.0
0.0
0.0
0.00025
0.0
0.0865
0.0
0.0
0.0
0.0
0.00075
0.0
0.076
0.0
0.0
0.0
0.0
0.1025
0.0
0.0
0.0
0.0
0.0
0.0005
0.0
0.08475
0.0
0.0
0.0
0.0
0.0
0.00075
0.0535
0.0
0.0
0.0
0.0
0.00125
0.002
0.00075
0.08975
0.0
0.0
0.0
0.0
0.0
0.00175
0.00025
0.08025
0.0
0.0
0.0
0.0
0.0
0.00025
0.069
0.0
0.0
0.0
0.0005
0.00875
0.0015
0.09775
0.0
0.0
0.0
0.0
0.0
0.0
0.0
0.0015
0.06025
0.0
0.0
0.0
0.0
0.005
0.103
0.0
0.0
0.0
0.0
0.0
0.0
0.0
0.0905
0.0
0.0
0.0
0.0
0.0
0.0
0.00075
0.17625
0.0
0.0
0.0
0.0
0.0
0.0
0.0
0.0
0.00025
0.1025
0.0
0.0
0.0
0.0
0.0005
0.0
0.08775
0.0
0.0
0.0
0.0
0.0005
0.0005
0.06525
0.0
0.0
0.0
0.0
0.09375
0.0
0.0
0.0
0.0
0.0
0.0
0.0
0.125
0.0
0.00025
0.0
0.0
0.0
0.0
0.0
0.0005
0.08175
0.0
0.0
0.001
0.0
0.05925
0.0
0.0
0.0
0.0
0.0
0.1145
0.0
0.0
0.0
0.0
0.0
0.0
0.001
0.028
0.0
0.0
0.048
0.0
0.0
0.0
0.0
0.009
0.0705
0.0
0.0
0.0
0.00025
0.0005
0.0
0.07425
0.0
0.00025
0.0
0.0
0.0
0.09175
0.0
0.0
