0.182
0.0
0.0
0.0
0.002
0.017
0.021
0.012
0.006
0.03
0.018
0.008
0.021
0.009
0.02
0.014
0.012
0.007
0.024
0.021
0.012
0.035
0.025
0.019
0.013
0.012
0.013
0.007
0.028
0.009
0.011
0.015
0.019
0.006
0.013
0.016
0.021
0.019
0.032
0.007
0.038
0.003
0.005
0.012
0.022
0.029
0.009
0.017
0.01
0.008
0.023
0.016
0.015
0.015
0.017
0.002
0.027
0.011
0.021
0.022
0.006
0.026
0.006
0.02
0.027
0.018
0.01
0.039
0.002
0.018
0.018
0.019
0.012
0.018
0.022
0.018
0.022
0.01
0.013
0.012
0.024
0.018
0.029
0.007
0.021
0.011
0.007
0.021
0.003
0.019
0.015
0.018
0.046
0.001
0.0
0.024
0.011
0.033
0.003
0.033
0.003
0.021
0.009
0.02
0.026
0.005
0.02
0.013
0.023
0.005
0.019
0.043
0.0
0.002
0.037
0.002
0.009
0.063
0.0
0.005
0.012
0.026
0.017
0.014
0.015
0.017
0.015
0.012
0.021
0.02
0.004
0.006
0.036
0.001
0.023
0.026
0.002
0.031
0.001
0.013
0.018
0.006
0.005
0.031
0.018
0.009
0.018
0.008
0.032
0.031
0.002
0.004
0.035
0.0
0.021
0.015
0.01
0.034
0.005
0.005
0.019
0.006
0.036
0.001
0.001
0.021
0.033
0.004
0.005
0.003
0.025
0.013
0.017
0.002
0.055
0.0
0.0
0.033
0.001
0.03
0.014
0.017
0.003
0.003
0.021
0.016
0.017
0.018
0.003
0.004
0.028
0.002
0.04
0.002
0.006
0.038
0.001
0.015
0.011
0.037
0.002
0.009
0.018
0.001
0.041
0.0
0.033
0.0
0.0
0.015
0.03
0.0
0.001
0.055
0.0
0.001
0.013
0.045
0.001
0.0
0.026
0.003
0.044
0.0
0.029
0.0
0.002
0.033
0.038
0.0
0.001
0.059
0.0
0.0
0.0
0.072
0.0
0.0
0.0
0.004
0.04
0.002
0.032
0.0
0.001
0.101
0.0
0.0
0.0
0.0
0.0
0.032
0.001
0.003
0.008
0.036
0.026
0.003
0.001
0.038
0.0
0.002
0.004
0.037
0.0
0.024
0.001
0.015
0.005
0.036
0.0
0.002
0.032
0.017
0.001
0.013
0.004
0.04
0.002
0.0
0.044
0.0
0.0
0.049
0.0
0.0
0.027
0.004
0.001
0.005
0.012
0.086
0.0
0.0
0.0
0.001
0.0
0.123
0.0
0.0
0.0
0.0
0.0
0.001
0.062
0.0
0.0
0.0
0.093
0.0
0.0
0.0
0.0
0.0
0.061
0.0
0.0
0.0
0.0
0.085
0.0
0.0
0.0
0.001
0.0
0.105
0.0
0.0
0.0
0.0
0.0
0.029
0.0
0.039
0.0
0.0
0.056
0.0
0.0
0.041
0.0
0.001
0.001
0.029
0.0
0.088
0.0
0.0
0.001
0.0
0.0
0.002
0.099
0.0
0.0
0.0
0.0
0.001
0.001
0.069
0.0
0.0
0.001
0.002
0.001
0.08
0.0
0.0
0.002
0.0
0.0
0.102
0.0
0.0
0.0
0.0
0.0
0.105
0.0
0.0
0.0
0.0
0.0
0.0
0.0
0.147
0.0
0.0
0.0
0.0
0.0
0.0
0.0
0.075
0.0
0.0
0.001
0.038
0.001
0.002
0.002
0.036
0.0
0.003
0.04
0.0
0.001
0.023
0.004
0.03
0.0
0.019
0.003
0.003
0.01
0.056
0.0
0.0
0.0
0.005
0.031
0.0
0.039
0.0
0.0
0.0
0.001
0.147
0.0
0.0
0.0
0.0
0.0
0.0
0.0
0.061
0.0
0.001
0.026
0.0
0.002
0.061
0.0
0.0
0.0
0.001
0.086
0.0
0.0
0.0
0.0
0.005
0.038
0.0
0.012
0.006
0.04
0.0
0.001
0.0
0.046
0.001
0.004
0.004
0.0
0.0
0.037
0.0
0.0
0.033
0.0
0.024
0.0
0.004
0.074
0.0
0.0
0.0
0.0
0.0
0.056
0.0
0.002
0.0
0.073
0.0
0.0
0.0
0.002
0.0
0.074
0.0
0.0
0.0
0.0
0.001
0.126
0.0
0.0
0.0
0.0
0.0
0.0
0.003
0.041
0.0
0.009
0.03
0.001
0.0
0.0
0.073
0.0
0.0
0.001
0.0
0.004
0.088
0.0
0.0
0.0
0.0
0.006
0.085
0.0
0.0
0.0
0.0
0.0
0.031
0.005
0.005
0.019
0.005
0.001
0.062
0.0
0.001
0.0
0.038
0.0
0.001
0.0
0.063
0.0
0.001
0.0
0.067
0.0
0.0
0.0
0.001
0.035
0.0
0.001
0.047
0.0
0.0
0.023
0.001
0.0
0.092
0.0
0.0
0.0
0.0
0.0
0.138
0.0
0.0
0.0
0.0
0.0
0.0
0.001
0.088
0.0
0.0
0.0
0.0
0.0
0.0
0.059
0.0
0.0
0.001
0.012
0.007
0.007
0.001
0.101
0.0
0.0
0.0
0.0
0.0
0.033
0.001
0.0
0.001
0.129
0.0
0.0
0.0
0.0
0.0
0.0
0.0
0.132
0.0
0.0
0.0
0.0
0.0
0.007
0.042
0.0
0.002
0.03
0.0
0.0
0.002
0.09
0.0
0.0
0.0
0.0
0.0
0.0
0.082
0.001
0.001
0.0
0.0
0.095
0.0
0.0
0.0
0.0
0.0
0.0
0.168
0.0
0.0
0.0
0.0
0.0
0.0
0.0
0.0
0.156
0.0
0.0
0.0
0.0
0.0
0.0
0.0
0.001
0.094
0.0
0.0
0.0
0.0
0.0
0.096
0.0
0.0
0.0
0.0
0.0
0.0
0.131
0.0
0.0
0.0
0.0
0.0
0.0
0.0
0.0
0.125
0.0
0.0
0.0
0.0
0.0
0.0
0.0
0.085
0.0
0.0
0.0
0.0
0.0
0.001
0.044
0.0
0.0
0.085
0.0
0.0
0.0
0.0
0.111
0.0
0.0
0.0
0.0
0.0
0.0
0.127
0.0
0.0
0.0
0.0
0.0
0.0
0.0
0.089
0.0
0.0
0.0
0.0
0.053
0.0
0.001
0.001
0.003
0.037
0.0
0.006
0.0
0.083
0.0
0.0
0.0
0.0
0.0
0.0
0.136
0.0
0.0
0.0
0.0
0.0
0.0
0.001
0.001
0.069
0.0
0.0
0.0
0.0
0.043
0.0
0.0
0.029
0.001
0.01
0.004
0.071
0.0
0.0
0.0
0.0
0.0
0.052
0.0
0.0
0.0
0.066
0.0
0.0
0.0
0.0
0.0
0.153
0.0
0.0
0.0
0.0
0.0
0.0
0.0
0.0
0.0
0.215
0.0
0.0
0.0
0.0
0.0
0.0
0.0
0.0
0.0
0.0
0.14
0.0
0.0
0.0
0.0
0.0
0.0
0.002
0.182
0.0
0.0
0.0
0.0
0.0
0.0
0.0
0.0
0.0
0.082
0.0
0.0
0.0
0.0
0.0
0.094
0.0
0.0
0.0
0.0
0.0
0.0
0.073
0.0
0.0
0.0
0.001
0.113
0.0
0.0
0.0
0.0
0.0
0.0
0.0
0.103
0.0
0.0
0.0
0.0
0.0
0.0
0.066
0.0
0.0
0.0
0.001
0.002
0.004
0.001
0.098
0.0
0.0
0.0
0.0
0.0
0.003
0.0
0.094
0.0
0.0
0.0
0.0
0.001
0.0
0.078
0.0
0.0
0.0
0.001
0.013
0.003
0.106
0.0
0.0
0.0
0.0
0.0
0.0
0.0
0.004
0.074
0.0
0.0
0.0
0.0
0.006
0.122
0.0
0.0
0.0
0.0
0.0
0.0
0.0
0.113
0.0
0.0
0.0
0.0
0.0
0.0
0.0
0.173
0.0
0.0
0.0
0.0
0.0
0.0
0.0
0.0
0.0
0.109
0.0
0.0
0.0
0.0
0.0
0.0
0.098
0.0
0.0
0.0
0.0
0.0
0.0
0.071
0.0
0.0
0.0
0.0
0.103
0.0
0.0
0.0
0.0
0.0
0.0
0.001
0.137
0.0
0.0
0.0
0.0
0.0
0.0
0.001
0.0
0.087
0.0
0.0
0.0
0.0
0.065
0.0
0.0
0.0
0.0
0.002
0.132
0.0
0.0
0.0
0.0
0.0
0.0
0.0
0.038
0.0
0.0
0.06
0.0
0.0
0.0
0.0
0.011
0.079
0.0
0.0
0.0
0.0
0.0
0.0
0.089
0.0
0.0
0.0
0.0
0.0
0.112
0.0
0.0
