0.0542733808373
0.0542475478008
0.0542216900528
0.0547945489558
0.0562626337309
0.0619116031835
0.0690200460542
0.0745917155286
0.0771376889711
0.0865448018052
0.0926136958528
0.0962492566454
0.10404169799
0.107608445484
0.115048285654
0.119742817615
0.125307288496
0.129341440959
0.136633771186
0.143585355133
0.146614116573
0.156797726915
0.165139989067
0.171039895399
0.174205857431
0.177949287522
0.182272659533
0.185368464947
0.194730832799
0.196857143642
0.201962109056
0.206437164324
0.21208266699
0.215004458216
0.2197021203
0.224664502122
0.231100690514
0.236312665211
0.244773432027
0.246900743144
0.257995643974
0.25735176492
0.259102396042
0.262038690721
0.268242605242
0.275897743674
0.278131333209
0.283351014843
0.286739564269
0.289509099471
0.296155953876
0.300965650671
0.304549449865
0.308715674368
0.312549255699
0.313371402757
0.31985497023
0.323628108009
0.328261898034
0.333486449863
0.334779758522
0.340541272667
0.341494891956
0.346925827495
0.353822291839
0.357393220315
0.358842526218
0.368683602876
0.367974530594
0.372060170096
0.375823708963
0.379557100021
0.38207184145
0.386352255983
0.391224545098
0.394866715362
0.399388621203
0.400890388231
0.402978681394
0.40505170176
0.410391867845
0.413610135303
0.419817040592
0.419997776435
0.42496018476
0.426599200604
0.427631468283
0.432834319867
0.431740330338
0.436032860419
0.438211739497
0.441576778117
0.453325094664
0.451211939715
0.449111695614
0.453595733617
0.455064619133
0.463107097964
0.462131295375
0.469547568402
0.46823548207
0.471717231163
0.471886328785
0.475631171383
0.481157897861
0.480369719006
0.484070625479
0.485066808521
0.489347149049
0.488217249552
0.491574173689
0.501492676881
0.498492729661
0.497006146956
0.505669236232
0.503541519013
0.504119612184
0.519930025707
0.516819785604
0.515227701136
0.516335619067
0.522229802114
0.524196911691
0.525847760662
0.527498615672
0.529723252384
0.531935921047
0.532647572648
0.535737810901
0.538814505932
0.537087257394
0.536270516713
0.544437266677
0.541778356951
0.545720250401
0.550234700652
0.548139583769
0.554740725022
0.552019821146
0.553210156165
0.555583939959
0.554956282549
0.553428343164
0.559664046806
0.562298596653
0.561929334029
0.56425652997
0.563271068263
0.569459187725
0.57563548954
0.573688603146
0.571750311374
0.579088939764
0.576521843832
0.579655903511
0.580975269577
0.580788448692
0.587753134037
0.58573483679
0.584323763908
0.587094840168
0.585373841824
0.592938868126
0.589990897488
0.587360381554
0.590419199105
0.597030391414
0.594956236984
0.59349063333
0.592032448819
0.596558918338
0.597168289433
0.599284681904
0.597195248156
0.610048721527
0.606399388146
0.603370896355
0.60965062942
0.606901072092
0.612230159051
0.613056542535
0.614777091075
0.612296957727
0.610427801851
0.613658944614
0.615077226404
0.616785413114
0.618491018272
0.61628453964
0.61409466704
0.618777148769
0.615973354657
0.624245457574
0.621108594483
0.619486631466
0.627153452462
0.623701258451
0.624762342954
0.624909725534
0.632228287399
0.629044836784
0.627975216753
0.629908133299
0.626438295067
0.634928258829
0.631428390026
0.63754783336
0.633733999304
0.630541273689
0.631851833531
0.637059843671
0.633846683006
0.630353821643
0.64303584181
0.63918917829
0.635964626566
0.636344184387
0.646312392929
0.642745320054
0.638900394445
0.642836462839
0.639888296623
0.649199586994
0.645316051728
0.650147921432
0.646557904289
0.643288733391
0.649281334908
0.656784453418
0.653153929575
0.649546020154
0.663275656091
0.659606391169
0.655960062512
0.652036085839
0.669676713554
0.665670683382
0.661688617425
0.657730372331
0.654991763702
0.66302561679
0.659658474392
0.665291159043
0.661609747781
0.657950806766
0.684142613204
0.680050047499
0.67598196367
0.671938215264
0.667918656707
0.663923143294
0.669520711094
0.666114355483
0.66362514482
0.662348577469
0.669439235265
0.673506954318
0.670376123841
0.66696474205
0.674344196503
0.670608987922
0.667196481525
0.664402860928
0.671476213281
0.66775932845
0.671244187774
0.667528690928
0.668023022617
0.666121493216
0.6734885073
0.66945967484
0.666351621154
0.672250463259
0.673309015886
0.669879191047
0.670057665009
0.667246838616
0.675244369117
0.672103055213
0.668082510578
0.677230693246
0.673478217537
0.669449446631
0.680105139511
0.676036726119
0.671992650122
0.676059278076
0.673213268522
0.670082759358
0.667867745984
0.667455210557
0.689177469822
0.685054785424
0.680956763073
0.676883255239
0.673132857917
0.669405973018
0.702157932685
0.697957598692
0.693782391248
0.689632160045
0.685506755674
0.681705579957
0.677927322795
0.692412007409
0.688269973892
0.684152718167
0.680359013956
0.704138637656
0.699926455015
0.695739469801
0.691577531284
0.687440489632
0.683328195912
0.697801483066
0.693627209511
0.68947790661
0.685353424989
0.681553616165
0.702884902976
0.69868022022
0.694500690028
0.690645712273
0.686813077075
0.683003907221
0.71058487338
0.706334129125
0.702108812974
0.697908772817
0.693733857451
0.689583916579
0.69412493688
0.689972656556
0.697478715029
0.693306372284
0.689158988643
0.701791115981
0.697592976299
0.693419950039
0.701527686581
0.697630852864
0.693757420079
0.689906529347
0.694440421644
0.69028625408
0.712493652866
0.708231490223
0.70399482399
0.700082602996
0.696193785048
0.692327423665
0.689085176427
0.714636326157
0.710361345965
0.706111938859
0.701887951859
0.697689232901
0.694114911262
0.6905603559
0.707024097774
0.702794654207
0.698590511322
0.694711247894
0.692351416291
0.688807947955
0.708579716687
0.704340967351
0.700127574366
0.696538666481
0.69237194714
0.688230153264
0.714530085448
0.710255740793
0.70600696542
0.702082259408
0.697882378095
0.693707620623
0.72104793859
0.716734603903
0.712447071738
0.708185187745
0.703948798496
0.699737751479
0.695851445434
0.691987848706
0.731788623792
0.727411037939
0.723059638963
0.718734270211
0.714434775971
0.71016100146
0.705912792822
0.701989367782
0.720514567561
0.716204423518
0.711920062912
0.707960163783
0.715118282686
0.711437904725
0.707780262484
0.704145935619
0.710672324434
0.706421057044
0.703091898126
0.71086835465
0.7066159146
0.70268783474
0.705646452138
0.702623002623
0.707393555797
0.703161902118
0.704646480047
0.70132856352
0.698030856207
0.697139587681
0.709718500816
0.705472939233
0.701252774751
0.697057855446
0.69438246068
0.699483659134
0.695898872971
0.703404254045
0.699196464513
0.695013846129
0.692052745099
0.688212680755
0.728062769407
0.72370747175
0.719677508503
0.715372371777
0.711092988534
0.706839204716
0.702610867185
0.698407823722
0.712458692006
0.7081967385
0.704259471246
0.707835869808
0.703601570191
0.699992240414
0.71402269668
0.709751387242
0.705505628931
0.701285268898
0.697389436075
0.718870985725
0.714570673648
0.710296086192
0.706047069473
0.701823470523
0.699424597376
0.706599648076
0.702372743582
0.701762862369
0.699358423351
0.707138890069
0.703207323261
0.699300172261
0.695415407388
0.705614787408
0.701691979775
0.699292006083
0.696604502908
0.692735953182
0.688890993441
0.695829417615
0.691966311687
0.687826944337
0.693585644884
0.689735602257
0.692772952568
0.688628759863
0.685706123691
0.70409574833
0.699883822254
0.695697092071
0.691535407059
0.687698617396
0.683584779546
0.696259320605
0.692094272321
0.688553419938
0.684733929115
0.702439497542
0.698237479218
0.694060597519
0.690207982939
0.686676350996
0.682867102275
0.700902390407
0.696709567113
0.692541825438
0.688399015344
0.684280987689
0.68048723444
0.71404636985
0.709774918799
0.705529019721
0.701308519764
0.697113266989
0.692943110368
0.688797899773
0.685875238822
0.694328018111
0.690174522949
0.688741827179
0.693608079255
0.690056196885
0.685928255911
0.681825008427
0.699604024528
0.695418968105
0.691258946841
0.687422105837
0.68330992209
0.680419281835
0.702646229744
0.69844297474
0.694264863759
0.690111746388
0.685983473114
0.684274057383
0.705543376496
0.701322790656
0.697127452513
0.692957211033
0.688811916088
0.684991058661
0.690158929214
0.687525611365
0.684904730274
0.686479505359
0.683865777534
0.680074238531
0.69453361126
0.690378886231
0.686848475187
0.682739722919
0.690000960473
0.685873349925
0.68206926317
0.678288470981
0.693383914218
0.689236066719
0.685411595243
0.681311438442
0.697281612126
0.69340963955
0.689859123472
0.685732361398
0.681929746248
0.688896016376
0.684775015643
0.680976961749
0.690983550136
0.686850061701
0.682741299942
0.685553159804
0.681750898802
0.677672640419
0.70111134795
0.696917274664
0.692748290475
0.6886042453
0.684784181045
0.680687777458
0.71853998746
0.714241655426
0.709969036169
0.705721975874
0.701500321647
0.697303921507
0.693132624383
0.689585111794
0.711796704839
0.707538711364
0.703306189359
0.699098986454
0.694916951187
0.691357956941
0.687521599452
0.701039029247
0.696845388575
0.692676834411
0.689130254195
0.688895184855
0.68686279056
0.68485080704
0.681053106243
0.707178748702
0.702948380007
0.699042598392
0.694860900441
0.690704217557
0.6865724001
0.692658647789
0.688814060801
0.684693550329
0.680897508953
0.71535059683
0.711071343845
0.706817689506
0.702889210802
0.698684502277
0.694504946469
0.690350392915
0.686220692049
0.721596893817
0.71728027526
0.71298947887
0.709022734544
0.704781335059
0.700565307779
0.698469377359
0.707182835342
0.7029524422
0.699346276394
0.704443072754
0.700229068971
0.696040273509
0.692474200131
0.715194445112
0.710916126233
0.706663400412
0.702436114549
0.698833037541
0.694952413244
0.691393834775
0.712431632098
0.70846831436
0.704529961559
0.700315438004
0.69612612588
0.720419156418
0.71640895379
0.712123369676
0.70786342208
0.703628957645
0.699419823927
0.695834880276
0.742234948447
0.738094782319
0.733679472799
0.72929057582
0.724927933381
0.720591388425
0.716579975929
0.712293368755
0.708032404219
0.750470739359
0.745981396419
0.741518908891
0.737083116123
0.732673858427
0.728290977069
0.723934314265
0.719603713175
0.715898029258
0.739746647004
0.73532145597
0.730922736589
0.726850330505
0.7225022857
0.718180251056
0.742675252382
0.738232542326
0.733816408721
0.729426692587
0.725063235892
0.720725881551
0.716414473421
0.751299380042
0.746805080144
0.74233766531
0.737896974712
0.733482848485
0.729095127719
0.724733654457
0.720697642346
0.716386403143
0.74938781196
0.744904947131
0.740448898961
0.736019507031
0.731616611883
0.727240055012
0.722889678862
0.718863890268
0.7402849917
0.735856580269
0.731454659755
0.727079071687
0.722729658545
0.718406263748
0.714705321383
0.723604843269
0.719276213086
0.714973476924
0.736112468579
0.731709017332
0.727331907688
0.723280262935
0.718953574403
0.747902855721
0.743428873954
0.738981655707
0.734561040879
0.730166870328
0.725798985863
0.72145723024
0.755081314949
0.750564391381
0.746074488212
0.741611443805
0.73717509749
0.732765289558
0.728381861256
0.724024654779
0.746328792125
0.741864226463
0.737426367994
0.733015056953
0.728630134533
0.740161905738
0.735734230612
0.731931245126
0.727852086971
0.72439463701
0.73112202766
0.726748429409
0.724194077784
0.720461472954
0.741006148996
0.736573423576
0.732167214879
0.727787364281
0.723433714107
0.719106107625
0.71480438904
0.751132674694
0.746639372034
0.742172948471
0.737733243216
0.733320096436
0.728933349259
0.724871586404
0.720834659381
0.716821701886
0.733128347445
0.728742747317
0.7246825731
0.720645969793
0.716335039697
0.724899685718
0.720862231682
0.716849288763
0.721543361549
0.71752670344
0.716230835067
0.713144517815
0.730159300299
0.725791461118
0.721449750508
0.717134012167
0.712844090728
0.708579831754
0.71986082911
0.715554595754
0.711274122441
0.707019255073
0.722489117536
0.718167161665
0.713871059888
0.709600657547
0.705654095771
0.701432847604
0.742930765137
0.738486526595
0.734068873647
0.729677647258
0.725312689343
0.721272675042
0.716957995973
0.712669127469
0.709005015832
0.705062913434
0.765036343594
0.760459868687
0.755910770417
0.751388885016
0.746894049697
0.742426102644
0.73798488301
0.733570230912
0.729181987422
0.724819994562
0.7204840953
0.757947944803
0.753413872952
0.748906924082
0.744426935941
0.739973747251
0.735547197696
0.73114712792
0.727671401704
0.77815036197
0.773495438533
0.768868361016
0.764268962842
0.759697078434
0.755152543203
0.750635193545
0.746144866835
0.74168140142
0.737244636616
0.757368082285
0.752837479193
0.748333978331
0.743857417573
0.739407635762
0.734984472706
0.758644315289
0.754106077725
0.749594988061
0.745110883897
0.740653603806
0.736821909266
0.732414214119
0.74981494469
0.745329524738
0.741170666851
0.73673695728
0.73262950044
0.762044978125
0.757486397673
0.752955086813
0.748450882418
0.743973622336
0.739523145384
0.735099291345
0.730701900961
0.757055186941
0.7525264556
0.748024815292
0.743550103959
0.739102160509
0.734680824817
0.730585039063
0.746282641561
0.741818351973
0.737380767926
0.732969729667
0.728884808518
0.725124233501
0.72228094468
0.718258976748
0.743871564394
0.739421697957
0.73499845078
0.730601663627
0.726231178213
0.7218868372
0.718466596174
0.714467894262
0.738233638876
0.733817498712
0.729427776057
0.72506431288
0.720726952097
0.716714011457
0.712726242694
0.731777524989
0.72740000553
0.72304867255
0.7187233694
0.714723490707
0.714328149727
0.710953933814
0.73841362418
0.733996407337
0.729605614444
0.725241087432
0.720902669177
0.716590203496
0.712303535141
0.708042509789
0.705601585071
0.72348052782
0.719152641297
0.714850644346
0.710574382095
0.706323700599
0.703895570932
0.736120512344
0.731717012978
0.727339855504
0.722988882344
0.718663936861
0.714364863358
0.710091507066
0.705843714146
0.735450216373
0.731050726742
0.726677555016
0.722330543761
0.718009536483
0.713714377626
0.709743924196
0.705498210529
0.753352047354
0.748845468327
0.744365847817
0.739913024558
0.735486838248
0.731087129544
0.726713740056
0.72236651234
0.718045289897
0.714048391057
0.74236919577
0.737928316556
0.73351400284
0.729126095708
0.724764437195
0.720428870279
0.71671851942
0.741785849592
0.737348459976
0.732937614983
0.728553155824
0.724194924658
0.719862764586
0.715556519652
0.732467681367
0.728086033367
0.723730596544
0.7194012141
0.715397011041
0.741887703761
0.737449704849
0.733038254206
0.72865319302
0.724294363427
0.719961608509
0.715654772287
0.711972710592
0.748580060647
0.744102027816
0.739650782738
0.735525985222
0.731126042339
0.726752420073
0.722404960972
0.718382969013
0.71408557627
0.735757759546
0.731356430181
0.726981429726
0.722632600681
0.718309786488
0.733471924492
0.729084269075
0.724722860769
0.720387542565
0.716378068404
0.712690513039
0.747895901914
0.743421961745
0.738974784846
0.73455421112
0.730160081425
0.725792237571
0.721450522317
0.717134779359
0.724529565902
0.720195403994
0.7158871692
0.72987503103
0.725508892358
0.721168872085
0.716854813969
0.712566562704
0.711601804668
0.731002355464
0.726629473097
0.722282749469
0.717962028099
0.713667153439
0.709397970873
0.705453787197
0.727805884376
0.723452123414
0.719124406807
0.714822578755
0.710546484394
0.706295969783
0.735859106596
0.731457170969
0.727081567879
