-1.37884615385
-1.72388089528
-1.7488261944
-1.43252635046
-1.46412021491
-1.57905547753
-1.58916195191
-1.60863601236
-1.64700587803
-1.47690048376
-1.40405359566
-1.34754180602
-1.54160370879
-1.43444333996
-1.31651477058
-1.65733357718
-1.50701601671
-1.35504572175
-1.55973435226
-1.43238333333
-1.53605454545
-1.57323551263
-1.40537398922
-1.42072458791
-1.45507222587
-1.51712773224
-1.65114875389
-1.51083643123
-1.44547906091
-1.36673527549
-1.37698131443
-1.41807823129
-1.57856367583
-1.54905221745
-1.34755029202
-1.5997590808
-1.4670888272
-1.22288970174
-1.24040662651
-1.46528629857
-1.58451046338
-1.4993513324
-1.28647592245
-1.59692622951
-1.57806865465
-1.40476424361
-1.43497675963
-1.38471246006
-1.62958998549
-1.35588328076
-1.33530448718
-1.49601010101
-1.5721069869
-1.43120555915
-1.45956930052
-1.5506
-2.00957013575
-1.32844135802
-1.61599923722
-1.414453125
-1.88251944685
-1.33306803995
-1.42054862024
-1.75415690866
-1.27402046784
-1.32164745146
-1.62591254753
-1.79420891608
-1.36054216867
-1.31953268173
-1.40025201613
-1.30455237515
-1.3627098724
-1.69722842262
-1.51713943951
-1.32815420561
-1.82780278232
-1.63651624549
-1.2538543571
-1.41705
-1.35485543683
-1.24381458967
-1.54786902287
-1.67535856574
-1.26554786273
-1.34780480101
-1.40498355263
-1.48246551724
-1.44285009862
-1.65994816587
-1.72284651527
-1.58948225923
-1.35630320891
-1.3590338983
-1.50768563498
-1.07157278165
-1.53515141087
-1.43137671681
-1.49239206128
-1.48189102564
-1.46032534247
-1.2493100411
-1.35620039683
-1.46209096859
-1.70882944489
-1.30204773129
-1.6255834512
-1.2698098974
-1.79375
-1.50326785714
-1.45809440559
-1.45932119205
-1.42006254115
-1.40662828947
-1.65334480122
-1.57598305085
-1.33870599739
-1.43784465366
-1.59566592262
-1.41845626632
-1.55193609023
-1.213767507
-1.72069738989
-1.39335987261
-1.41016977363
-1.55407904278
-1.4046048225
-1.45950171821
-1.7215477114
-1.7446547421
-1.6476978691
-1.55246551724
-1.69593068536
-1.58704460967
-1.43536051213
-1.4997081044
-1.36872197309
-1.5274445215
-1.47248778786
-1.36716061185
-1.7350203252
-1.67954374057
-1.54699235049
-1.28293239951
-1.6344953775
-1.44713663764
-1.45772539573
-1.5596168437
-1.44229323308
-1.57194464414
-1.56660071942
-1.54680423667
-1.41504837595
-1.3752849905
-1.60041818182
-1.46447986577
-1.39594146047
-1.56200513196
-1.50217314488
-1.31571140553
-1.55996846531
-1.55776113952
-1.27200934579
-1.72839110776
-1.46844963792
-1.81583188153
-1.45624130737
-1.38612341772
-1.35627289377
-1.54399055919
-1.34007448187
-1.60627313101
-1.50867241379
-1.2219029184
-1.28351599526
-1.59496363636
-1.50511199422
-1.57381205674
-1.50913217139
-1.33602987921
-1.55616906475
-1.68538199697
-1.69885080645
-1.38483632863
-1.41030448718
-1.26775862069
-1.48176328502
-1.55644755747
-1.56644282425
-1.4216845278
-1.39481923822
-1.53756372906
-1.63679210134
-1.50906726768
-1.17353025937
-1.39043778802
-1.82977845352
-1.46074966975
-1.40775862069
-1.50695352215
-1.39754449572
-1.40188519022
-1.22925808314
-1.44994956288
-1.64539321511
-1.38418869084
-1.43209526982
-1.31663135593
-1.64118451916
-1.43617056856
-1.25820474777
-1.69239551084
-1.67648338608
-1.96504608295
-1.42722521915
-1.47102626123
-1.35074649604
-1.42515182186
-1.2957120743
-1.68341876972
-1.74290678659
-1.38674411203
-1.50076295245
-1.56911320755
-1.39811163102
-1.30733188045
-1.28899751707
-1.6036420205
-1.36216841456
-1.53285566298
-1.46733128834
-1.79176067687
-1.70973642801
-1.54550739958
-1.4328709893
-1.22190797186
-1.2942971246
-1.51896859386
-1.63758741259
-1.5612056984
-1.29575153374
-1.38522582697
-1.60732916973
-1.52212373372
-1.42374436574
-1.56528910304
-1.40836081794
-1.58949498843
-1.58983576642
-1.41184782609
-1.41671940928
-1.44685837766
-1.65474609375
-1.5373297491
-1.72911013567
-1.86930407801
-1.54363926293
-1.69713665087
-1.56122701556
-1.44194887118
-1.67805420712
-1.74338697017
-1.68526
-1.4246887287
-1.50531156156
-1.53982599432
-1.37902866242
-1.56187272727
-1.54715631542
-1.35467731421
-1.49176450276
-1.48985058309
-1.27563193588
-1.38610019646
-1.4788952317
-1.55937730287
-1.33440777298
-1.6465498155
-1.64236272235
-1.33487709832
-1.6373861912
-1.62798113208
-1.59149597659
-1.64265029325
-1.64159615385
-1.44229348556
-1.2576658697
-1.70353281853
-1.8177955665
-1.21907231772
-1.68776465798
-1.58759786477
-1.61922932331
-1.65219844358
-1.53343613933
-1.50072002679
-1.45133033863
-1.37141276865
-1.33531976744
-1.59449733435
-1.69308927173
-1.53399524779
-1.24594224924
-1.83056499575
-1.44212716378
-1.44392238614
-1.39352484472
-1.80724607762
-1.48740968208
-1.35496825397
-1.31823051948
-1.4273607337
-1.50793351611
-1.46955337691
-1.53908227848
-1.44654055896
-1.42706406869
-1.45890387275
-1.47422151451
-1.72025039746
-1.30873190686
-1.65654580153
-1.63124062968
-1.65999619193
-1.07994604317
-1.40919275629
-1.59285462244
-1.51799788881
-1.38261809714
-1.82762222222
-1.44625527426
-1.4574471711
-1.52677525622
-1.51818353474
-1.56808705194
-1.48768382353
-1.31754125413
-1.78019949066
-1.66889356815
-1.73364505403
-1.7119057548
-1.63356394914
-1.58369888476
-1.4711461794
-1.28048136646
-1.47894826413
-1.73102235099
-1.3531694496
-1.31527010436
-1.72401558655
-1.32688679245
-1.40768072289
-1.45318610924
-1.38939441978
-1.37097444089
-1.57786334913
-1.48493319269
-1.38151757188
-1.17451456311
-1.4169882276
-1.70849093775
-1.38882978723
-1.15716006424
-1.46969645293
-1.81215725806
-1.40004966887
-1.46948348559
-1.43127906977
-1.24852493917
-1.4588900135
-1.68726152623
-1.32603908189
-1.5605941704
-1.42096062458
-1.32489263804
-1.44143458549
-1.76166666667
-1.31870737756
-1.64634279476
-1.42532713499
-1.54076200418
-1.421692673
-1.47977272727
-1.53150759219
-1.55855067064
-1.26823036951
-1.698150358
-1.44671929825
-1.19499148695
-1.75070452605
-1.52078355587
-1.38984571788
-1.36560083284
-1.8375
-1.42834405145
-1.58163524293
-1.65671670516
-1.6347467383
-1.39235576923
-1.47927452316
-1.49897037572
-1.3832336272
-1.34487547893
-1.36089981447
-1.53107864358
-1.38755306246
-1.43049242424
-1.35016891892
-1.61995174462
-1.15878779698
-1.36234700122
-1.46209327549
-1.54114996395
-1.29575249853
-1.23605878995
-1.48083508036
-1.47518991713
-1.68547939778
-1.48927329624
-1.49655594406
-1.72946869852
-1.52052266082
-1.86323902027
-1.30638604353
-1.77689669088
-1.83381612091
-1.38395448549
-1.50391502809
-1.54420112123
-1.71150700935
-1.70890384615
-1.74379547292
-1.43973612063
-1.43160822657
-1.8122968349
-1.54990902475
-1.44322461332
-1.72324526814
-1.63620481928
-1.47738333333
-1.54822433193
-1.51229020979
-1.42814381271
-1.4419186828
-1.75575412412
-1.50005307856
-1.34737890864
-1.36619122257
-1.50887644263
-1.30390082123
-1.66149103139
-1.58845213138
-1.60075231481
-1.78968879668
-1.5345377843
-1.4090511658
-1.63078512397
-1.59998100304
-1.23790473225
-1.54856760886
-1.44152571042
-1.70175811437
-1.3500462963
-1.52596715328
-1.6704509178
-1.80604700855
-1.37019106218
-1.64312593145
-1.43579317269
-1.39247654155
-1.34228689567
-1.48647284123
-1.33158312183
-1.73975832013
-1.311609375
-1.44088577291
-1.71016982622
-1.25004213483
-1.29626402835
-1.6637845092
-1.56231631864
-1.44580065359
-1.36609102647
-1.57663843888
-1.63964530892
-1.61313461538
-1.81708470395
-1.49662671233
-1.4539927104
-1.16264542936
-1.22109818388
-1.26941732764
-1.41290376851
-1.47339371155
-1.38313193991
-1.49070290859
-1.67235086342
-1.16079673423
-1.3020203578
-1.31678820545
-1.46899054693
-1.38794642857
-1.44218419195
-1.76755443235
-1.42339151266
-1.27661533816
-1.6086225997
-1.48141821946
-1.80372296173
-1.98628216912
-1.4717844523
-1.71519920319
-1.24178678679
-1.39114583333
-1.46603092783
-1.40687412096
-1.38367726658
-1.73703781513
-1.57307553957
-1.52751426534
-1.69278250774
-1.46586796247
-1.24959797498
-1.51873204023
-1.44142808453
-1.43648878314
-1.86709312081
-1.45264976959
-1.54002543605
-1.4922900494
-1.43035353535
-1.52453867991
-1.39686891629
-1.44292362003
-1.68964646465
-1.631875
-1.13310666667
-1.31344198565
-2.00797674419
-1.29449202599
-1.56273280802
-1.56511330409
-1.6146
-1.3123454782
-1.51728118539
-1.48338541667
-1.36845238095
-1.52591899251
-1.45088628763
-1.44923596304
-1.6460864486
-1.42145860285
-1.3496625964
-1.34982383088
-1.41722674813
-1.43358636977
-1.58984724292
-1.46723114525
-1.39683344996
-1.50069895969
-1.61741509434
-1.41654929577
-1.64259465479
-1.56835560505
-1.44146138482
-1.43203703704
-1.64086397059
-1.60942950581
-1.51820780094
-1.57992341357
-1.46779341112
-1.45462533156
-1.4524506347
-1.46614549045
-1.45384482759
-1.47555519268
-1.36690613027
-1.73132554392
-1.56005263158
-1.49092982456
-1.36108870968
-1.31059105431
-1.59536290323
-1.50748407643
-1.60218589273
-1.78173564189
-1.51985241181
-1.4217874231
-1.43569204152
-1.51589187328
-1.22093329432
-1.84529234738
-1.64193140794
-1.35228358209
-1.61450843727
-1.46729965157
-1.52142606868
-1.4041533034
-1.24389637002
-1.31281004235
-1.443
-1.5260326449
-1.6052811245
-1.50368020305
-1.54207040121
-1.41474875931
-1.71250943396
-1.51556637807
-1.5736089939
-1.5020762998
-1.59960995542
-1.48122384937
-1.87758838384
-1.38574461136
-1.80391869237
-1.77648909396
-1.5752016129
-1.56255482456
-1.618701849
-1.28485169492
-1.46130794702
-1.30927369077
-1.78780017153
-1.66079984544
-1.82025341915
-1.39836148649
-1.26952255419
-1.42322979292
-1.58794675419
-1.65320945946
-1.37456111834
-1.79035961872
-1.52132005402
-1.70064368771
-1.59884557154
-1.62551660517
-1.36233039349
-1.40943365696
-1.40827302632
-1.51114771151
-1.75069153395
-1.76787392326
-1.42430232558
-1.28310891682
-1.42638711735
-1.56123452294
-1.5832010582
-1.67701900238
-1.30522010708
-1.59415608663
-1.59076327434
-1.47711103723
-1.62336065574
-1.31266396002
-1.46122275204
-1.36183956186
-1.6529766537
-1.6833135861
-1.52690027894
-1.59193376068
-1.56914545455
-1.46750847458
-1.53731939163
-1.60689853958
-1.51604287791
-1.45992798354
-1.4250487013
-1.46997523001
-1.38627868852
-1.49718637993
-1.6378957529
-1.28333856784
-1.62787691187
-1.28305317848
-1.59325212684
-1.59803654743
-1.39705
-1.50877543605
-1.43185455811
-1.44494897959
-1.3970974984
-1.25737492812
-1.14160733844
-1.25173846154
-1.66100935308
-1.41035551207
-1.35372531418
-1.51814399421
-1.51253467406
-1.40415013227
-1.53230273141
-1.45534066714
-1.5495484104
-1.67532245827
-1.45982082488
-2.06712164751
-1.33971046077
-1.42320813232
-1.43156883298
-1.51715965788
-1.61529905179
-1.36904993515
-1.59938616071
-1.45244767049
-1.50980153203
-1.46748643148
-1.49971205962
-1.4822327044
-1.60384195193
-1.49590814917
-1.64430119581
-1.40110853739
-1.61751984127
-1.61320720059
-1.47575290897
-1.40170529801
-1.51714338782
-1.44785370879
-1.47014448925
-1.57686594203
-1.57047813195
-1.62189655172
-1.51863831308
-1.43055932203
-1.53920617816
-1.5394989339
-1.44350198413
-1.22917386298
-1.70315891473
-1.45534129693
-1.35452910399
-1.51032534247
-1.53579111728
-1.50813422347
-1.40544636909
-1.42110197368
-1.45538434903
-1.61816981132
-1.59291071429
-1.26402295468
-1.56410116448
-1.22261428571
-1.66760165663
-1.326041047
-1.51564449064
-1.55897286822
-1.49452837141
-1.55305782061
-1.50041071429
-1.46156450463
-1.92195498676
-1.35741498741
-1.2525486152
-1.48209599447
-1.61395216401
-1.59657914201
-1.5471350365
-1.43772138965
-1.70485136251
-1.68595089634
-1.46416609706
-1.90349080268
-1.49331302117
-1.668878327
-1.43272875817
-1.41644350098
-1.26703001132
-1.46214139344
-1.39601300479
-1.34264705882
-1.71468379447
-1.67514250814
-1.39860013175
-1.53062192551
-1.60301851852
-1.50005274262
-1.32083590376
-1.98517021277
-1.5590925656
-1.54198113208
-1.4314612326
-1.71395752896
-1.38661632391
-1.53262347888
-1.36087306701
-1.53900495751
-1.28994321578
-1.76532590759
-1.25771569195
-1.20309619816
-1.41240765614
-1.88477979275
-1.50804937413
-1.78508454106
-1.53954918033
-1.53142066421
-1.22878831695
-1.70737608183
-1.53482267038
-1.58688373804
-1.69396057348
-1.62563169985
-1.50073680603
-1.32027726996
-2.02974777448
-1.2919470405
-1.56716444132
-1.35519205729
-1.28210294118
-1.31979299363
-1.53092618879
-1.35575551232
-1.65141189759
-1.51508885851
-1.64864386792
-1.58049815498
-1.79268437748
-1.4655334728
-1.67821064996
-1.39884383378
-1.44174576271
-1.40127291242
-1.6058857362
-1.5558077198
-1.43418234912
-1.48387788779
-1.82324854045
-1.41972430225
-1.3028983261
-1.48789930556
-1.52104982206
-1.44151170799
-1.75402139461
-1.36486093144
-1.38147493573
-1.52589036313
-1.28489393939
-1.39089869281
-1.24604327208
-1.66672348485
-1.69272200772
-1.29483880967
-1.42921875
-1.65855666156
-1.46660596026
-1.54961168639
-1.51544380816
-1.39684368737
-1.42680536451
-1.67070575056
-1.34002179328
-1.59418826219
-1.57412749288
-1.43830731015
-1.40024224806
-1.45534731774
-1.42828771696
-1.60806138306
-1.36049839228
-1.3586882716
-1.70439949958
-1.645651341
-1.18814741036
-1.56176140613
-1.53107034796
-1.52715293244
-1.363597867
-1.83056229773
-1.46720824598
-1.81767990074
-1.65435546875
-1.3236715749
-1.4391101108
-1.46824555404
-1.80211065574
-1.30140503876
-1.45640525195
-1.74363070539
-1.63177803379
-1.51912274619
-1.55856382979
-1.43406845448
-1.37775409836
-1.8244641385
-1.6090196793
-1.50393714689
-1.35714508095
-1.78291382253
-1.48933928571
-1.30197450249
-1.66405454545
-1.35692090395
-1.31719773675
-1.32885981912
-1.65739353312
-1.74063753007
-1.75672999192
-1.85806244654
-1.33109831985
-1.44847622237
-1.6422267356
-1.5092472752
-1.69107686454
-1.60938455657
-1.52629373178
-1.41348596257
-1.46310509554
-1.43377624672
-1.5944883371
-1.73208865815
-1.31684854497
-1.49279230211
-1.57289453718
-1.47934782609
-1.29992599171
-1.45190160502
-1.61701388889
-1.47979052198
-1.66477361436
-1.35705453393
-1.911460217
-1.55789567069
-1.54058242507
-1.39386916502
-1.60071902655
-1.54580610022
-1.27279710145
-1.2620788207
-1.34855187778
-1.51737977369
-1.23562900408
-1.47411262799
-1.55924110385
-1.47184804247
-1.47460990502
-1.6047056686
-1.30256948933
-1.47601304945
-1.62934190031
-1.44935314685
-1.27652135752
-1.3789654047
-1.32744164619
-1.83466244726
-1.87192211055
-1.57117957746
-1.60301276935
-1.86927530017
-1.49788808664
-1.22469641773
-1.76274395004
-1.48181366048
-1.3565
-1.53171537926
-1.70077813248
-1.37730943152
-1.49134146341
-1.73286
-1.43207891247
-1.49901588398
-1.57734837278
-1.59990720119
-1.73352140078
-1.4225811908
-1.47729477612
-1.86268018018
-1.36049839228
-1.49282665791
-1.24732789855
-1.34824478178
-1.52680099857
-1.41683017591
-1.3702827381
-1.47341188525
-1.4006254009
-1.45298696597
-1.58661431702
-1.36969844358
-1.54239690722
-1.64850443131
-1.40066153846
-1.47893392371
-1.49187411095
-1.49560533516
-1.63454022988
-1.33172360248
-1.57798616169
-1.4548190675
-1.5081643002
-1.52365649964
-1.58541071429
-1.5875
-1.45374303621
-1.54987179487
-1.50364060258
-1.39108639587
-1.70108182533
-1.81511479592
-1.41350961538
-1.48436131387
-1.49414116829
-1.45499661247
-1.58960160819
-1.48554318489
-1.68114471669
-1.36738218205
-1.4573470074
-1.40540133779
-1.63625092524
-1.51955481972
-1.29238689095
-1.36825617284
-1.33770871985
-1.72570395738
-1.70298295455
-1.41896135266
-1.65555339049
-1.59520470053
-1.4118928809
-1.47760156807
-1.32370662461
-1.27271765417
-1.22865439093
-1.46063517915
-1.34913358538
-1.45355271775
-1.6683661865
-1.50788256228
-1.4115625
-1.37546885465
-1.62278503994
-1.646875
-1.81451817413
-1.67399112187
-1.43312619503
-1.60457503828
-1.45707861426
-1.37223116549
-1.41539917412
-1.91326853526
-1.53326568266
-1.40835548173
-1.16531944444
-1.52366102889
-1.89889838129
-1.5501544269
-1.35858848745
-1.50109679666
-1.33831620314
-1.52189419795
-1.66951637471
-1.45017926988
-1.57654036827
-1.67511102887
-1.48998263889
-1.42047601744
-1.5415346908
-1.57669491525
-1.5921989721
-1.8098198594
-1.43659847434
-1.66424373041
-1.70547918303
-1.83910087719
-1.69817216981
-1.48116414835
-1.37164769133
-1.51573170732
-1.57282060519
-1.7841154485
-1.39735023041
-1.15767651888
-1.86990574506
-1.52895194986
-1.75657063931
-1.25716232586
-1.1941704675
-1.65501908397
-1.55201067616
-1.52270034843
-1.48061837456
-1.63328814872
-1.69909347301
-1.33431832395
-1.50361209964
-1.65110569715
-1.46095597897
-1.35239811912
-1.61779245283
-1.5674744898
-1.58480354391
-1.53965220386
-1.3967704918
-1.49337666901
-1.6325229709
-1.83994885917
-1.79887521222
-1.3946651346
-1.60572358346
-1.72692465192
-1.38051447936
-1.31069267998
-1.78517021277
-1.65957486832
-1.63400692841
-1.66188138256
-1.59184701493
-1.48087713068
-1.48774777854
-1.48925438596
-1.33991961415
-1.42985203028
-1.42334951456
-1.60840043924
-1.49831128134
-1.37472474093
-1.68926
-1.70887978142
-1.54560381356
-1.61291055206
-1.48329343365
-1.66961858006
-1.32403556359
-1.71813461538
-1.33316525699
-1.51295698925
-1.3465582894
-1.80395936982
-1.25033943329
-1.39972580645
-1.52597192225
-1.67537064492
-1.66548062593
-1.5094996501
-1.58378517502
-1.67990842491
-1.45524439919
-1.41223621511
-1.43593023256
-1.3919966443
-1.40510840999
-1.67787937743
-1.67272182254
-1.83213685978
-1.2704437165
-1.55133699634
-1.42804508748
-1.41432621748
-1.67844053852
-1.53491980474
-1.21909583571
-1.74699509403
-1.73189795918
-1.54569686411
-1.65387432537
-1.56347713864
-1.51269311798
-1.38046875
-1.5398977433
-1.30403374233
-1.40070957096
-1.39219374168
-1.49144283747
-1.44336388323
-1.47674777245
-1.55556985294
-1.59463898917
-1.57587187263
-1.33160613651
-1.50764320221
-1.39237150293
-1.71623250389
-1.44037126995
-1.58690135811
-1.58553290415
-1.28493957704
-1.40541912246
-1.29793497364
-1.44548611111
-1.5766025641
-1.34252743706
-1.70674048174
-1.44296767538
-1.41210992908
-1.44128865979
-1.49900627615
-1.52659612626
-1.49864722417
-1.26850786925
-1.45743194842
-1.25803068253
-1.34400459921
-1.4502593361
-1.65638597905
-1.60113374327
-2.02674050633
-1.54732142857
-1.40348948375
-1.60582692308
-1.35121145374
-1.68508533747
-1.25278963415
-1.53312136628
-1.58008601346
-1.38374751491
-1.53943280347
-1.5930874722
-1.43462211337
-1.47035566298
-1.3995431632
-1.81846754314
-1.54815962099
-1.16560077519
-1.50894381223
-1.39523111979
-1.35922468354
-1.37182835821
-1.64720724191
-1.34215116279
-1.77569327731
-1.69209163347
-1.57459409594
-1.34208644279
-1.39778162366
-1.38042014112
-1.52016019087
-1.6128629933
-1.288171875
-1.53617870722
-1.63728844739
-1.32266081871
-1.24078782172
-1.41825804244
-1.52245819398
-1.58543997017
-1.44336388323
-1.44678884712
-1.1835109447
-1.525967519
-1.36418612192
-1.86317622951
-1.57659155937
-1.35251763951
-1.26200657895
-1.65728252195
-1.52498244382
-1.52246942935
-1.54136904762
-1.55879260334
-1.53741758242
-1.26037234043
-1.5888868066
-1.38713576159
-1.35951827243
-1.59847341954
-1.60618161926
-1.40745614035
-1.50112179487
-1.62653181461
-1.39953880407
-1.84703355155
-1.35780528053
-1.37230182927
-1.32149721017
-1.42919161677
-1.28554235222
-1.53442593905
-1.78893207856
-1.53168088131
-1.37662974684
-1.65846243222
-1.20305974478
-1.46772663387
-1.41016656191
-1.61166294643
-1.32679331307
-1.3814516129
-1.299734375
-1.6390947288
-1.57766805267
-1.67385408709
-1.63969090909
-1.40623765635
-1.60390861027
-1.48144518272
-1.88172020287
-1.40992379059
-1.19602803738
-1.58271762985
-1.59527632562
-1.64211476726
-1.44268899204
-1.47149153738
-1.33763422819
-1.41913281754
-1.49797437673
-1.39542253521
-1.50251053371
-1.40123517787
-1.34210271318
-1.68562648691
-1.4221291866
-1.52987719298
-1.53487917555
-1.30111565053
-1.49026904263
-1.44767006803
-1.58220609065
-1.55740143369
-1.28450283197
-1.47730930721
-1.45835689046
-1.45835649757
-1.55110427227
-1.31067501527
-1.45741172552
-1.43025884666
-1.43721438172
-1.24002159161
-1.55402990518
-1.45807794803
-1.57396526238
-1.4225239071
-1.52735272988
-1.33620521173
-1.41334345479
-1.39700132538
-1.46208960328
-1.48827908587
-1.67494038156
-1.48505996003
-1.7626177394
-1.60811370482
-1.39887402089
-1.48728158602
-1.57168958032
-1.32346719804
-1.33585343228
-1.38116656071
-1.70332140016
-1.50514605978
-1.51208421798
-1.66749806651
-1.52426315789
-1.4244063772
-1.77612559242
-1.30548338369
-1.59075710992
-1.52578627591
-1.46215627096
-1.48442486702
-1.47561998541
-1.40018370073
-1.41454575818
-1.58402355623
-1.4588556338
-1.36350687623
-1.48146914446
-1.36073037323
-1.47045292439
-1.48565660112
-1.19386867089
-1.29371987952
-1.51987567204
-1.63815990819
-1.75473192526
-1.27239918176
-1.48431942544
-1.4087458194
-1.48063692098
-1.55357404692
-1.70322134387
-1.47605857445
-1.52524840312
-1.96129105839
-1.28359137826
-1.48508503401
-1.40473324658
-1.47537187289
-1.45111517976
-1.51830708661
-1.60033904354
-1.40257911392
-1.46039655172
-1.41315173797
-1.40114647502
-1.69354416168
-1.27282480894
-1.32880191693
-1.31811241066
-1.65491140216
-1.48532534247
-1.58370384326
-1.44562204192
-1.39985549133
-1.51681526391
-1.40319114817
-1.80562275986
-1.56418717375
-1.33634200508
-1.51275755494
-1.61320718654
-1.370046875
-1.54916370107
-1.50429936306
-1.623168429
-1.51026408451
-1.37881716907
-2.0588664158
-1.63718203498
-1.51517229255
-1.38072881356
-1.54287952646
-1.23479366029
-1.36682565789
-1.28350060827
-1.58022850503
-1.61424611973
-1.30899738733
-1.45507322176
-1.65356858054
-1.4380943804
-1.74264234162
-1.2947053407
-1.67970316114
-1.69450757576
-1.89068834459
-1.31743873282
-1.34565568475
-1.60404614325
-1.69038611544
-1.32512383901
-1.34836922103
-1.47981396867
-1.56732804233
-1.4897352132
-1.8656092437
-1.74890384615
-1.37644641683
-1.47661576705
-1.34868988903
-1.62714857975
-1.51841649342
-1.32062700965
-1.55096363636
-1.43517365662
-1.66280438312
-1.70190677966
-1.46105
-1.35892523364
-1.22772882319
-1.48221598415
-1.44371227364
-1.42942244224
-1.57159348978
-1.48660344828
-1.58457926371
-1.46823509712
-1.41289930556
-1.45354718262
-1.45236736064
-1.55023131673
-1.60454378219
-1.15944141689
-1.49765731874
-1.4001181634
-1.46936823105
-1.36438811189
-1.35270912548
-1.301075106
-1.27636944613
-1.68204980843
-1.68302444795
-1.5396009887
-1.44885665529
-1.26665222415
-1.54846459538
-1.56331775701
-1.56382246377
-1.4632312457
-1.86474834983
-1.4634073291
-1.36705939316
-1.59013358779
-1.57770067517
-1.38360834371
-1.44241132333
-1.42571473952
-1.55012886598
-1.87410941476
-1.54983997155
-1.48633004926
-1.36979299363
-1.33690019194
-1.276875
-1.33806709265
-1.40375879718
-1.38837719298
-1.29096664608
-1.54166006339
-1.78162745098
-1.72686713836
-1.36453114965
-1.75855582524
-1.72362792575
-1.58389605463
-1.53238873435
-1.38406432749
-1.65694973343
-1.47421761281
-1.66609563253
-1.89692825112
-1.47774633822
-1.47583689459
-1.53272760646
-1.71074089404
-1.75951891447
-1.63849574633
-1.46343309859
-1.49426555716
-1.43845520422
-1.41748355263
-1.58181302044
-1.82642918089
-1.62553887606
-1.4178956229
-1.68206214689
-1.55756649892
-1.65013098802
-1.32880526021
-1.50005255781
-1.72027821317
-1.38413143989
-1.68837973705
-1.52803755523
-1.51707446808
-1.26726543943
-1.74287065053
-1.60066692073
-1.19241767764
-1.56356739591
-1.49493045388
-1.82212595097
-1.49030577957
-1.34797540492
-1.49388279644
-1.60613685735
-1.69258154336
-1.63487311657
-1.55766248154
-1.3353294335
-1.45207889126
-1.50457232267
-1.35158045977
-1.3983155437
-1.29734443746
-1.36917658109
-1.53063655761
-1.58655159332
-1.35819546569
-1.76990392648
-1.58433032355
-1.67767639903
-1.5401010479
-1.60346553002
-1.76546413502
-1.63349495733
-1.61273165308
-1.2788803681
-1.61412962963
-1.60592496285
-1.63621281465
-1.34435126582
-1.53595238095
-1.60819281525
-1.38238233398
-1.43476015989
-1.35622705018
-1.38799937578
-1.48527491409
-1.39258609694
-1.54302281369
-1.14144700714
-1.50291905444
-1.56609216255
-1.4717844523
-1.4410295104
-1.70109474522
-1.58161278472
-1.84155927835
-1.50005129959
-1.54873087622
-1.3440432663
-1.53378425861
-1.58295026375
-1.33183918669
-1.5938064759
-1.51611313869
-1.26272144166
-1.17519157088
-1.58998889711
-1.56433528123
-1.60387931034
-1.43832033788
-1.56842948718
-1.50380806011
-1.35660227992
-1.59153196179
-1.48126304802
-1.67882794002
-1.48253469927
-1.46106361149
-1.67206331045
-1.20934385382
-1.53000340368
-1.89661803714
-1.43194538098
-1.27798420129
-1.34834070796
-1.56408273381
-1.57758435032
-1.62005660377
-1.43173011557
-1.30679510155
-1.44552214144
-1.28514326648
-1.45713555858
-1.48959930314
-1.2551781401
-1.48346859562
-1.65547106825
-1.79061743341
-1.46562934631
-1.57047317437
-1.39033732661
-1.32549401198
-1.30656832298
-1.36250788644
-1.42580040872
-1.43879903648
-1.50872657876
-1.37660026127
-1.59480014804
-1.50409642616
-1.58552824651
-1.6468938253
-1.90227876106
-1.47737113402
-1.75269230769
-1.44411461908
-1.56066149298
-1.27133000587
-1.65976858877
-1.43418163673
-1.27867983963
-1.46834544254
-1.4922647258
-1.42391954787
-1.51234177215
-1.40997698882
-1.56413732394
-1.69701761409
-1.54021345876
-1.2459591195
-1.19817693612
-1.69571369975
-1.56190393918
-1.46164359862
-1.49014508139
-1.47288939791
-1.6892995356
-1.31876956794
-1.56246350365
-1.42580040872
-1.39200465426
-1.7599015748
-1.42067983925
-1.64605161787
-1.61983516483
-1.5962667162
-1.66634174312
-1.66480842912
-1.55584953204
-1.61468340611
-1.70478766026
-1.62079405366
-1.5764871988
-1.59329697396
-1.48987272727
-1.55901119403
-1.5763667426
-1.38915841584
-1.53862349611
-1.54257544582
-1.69405311778
-1.55041366906
-1.35691070256
-1.72587929656
-1.4528858839
-1.75187348912
-1.53078383978
-1.40071428571
-1.25205223881
-1.72611852433
-1.70974806202
-1.72029182879
-1.59169201521
-1.22717925107
-1.56173328739
-1.42244055482
-1.27092517401
-1.37177683246
-1.31155602923
-1.601776365
-1.63768301611
-1.37797851562
-1.6571113782
-1.53429675994
-1.6559220679
-1.72228217426
-1.58110526316
-1.45297077922
-1.3337040619
-1.41527511196
-1.58851923077
-1.69114251592
-1.53385378398
-1.55969617404
-1.55209243086
-1.29349652375
-1.50255722461
-1.42622483221
-1.54172101449
-1.29986076733
-1.54490808824
-1.30202216896
-1.35284055242
-1.37621951219
-1.29789290241
-1.39511046134
-1.61892644874
-1.60508992806
-1.51658057851
-1.37383192732
-1.30628056235
-1.41002342704
-1.76784572342
-1.50903376437
-1.45182968536
-1.43433588317
-1.46871518106
-1.39991846053
-1.74840909091
-1.29820299022
-1.30783489097
-1.58667763158
-1.26828616352
-1.40805358296
-1.3936727391
-1.46121705964
-1.6752443609
-1.34383713561
-1.25097102343
-1.41056007509
-1.38832247557
-1.67802972561
-1.64192868098
-1.44531032078
-1.57824472244
-1.66914005805
-1.44617845118
-1.45795687885
-1.42728034876
-1.47735951009
-1.5123552822
-1.35177988243
-1.32921741778
-1.54373646209
-1.63341660261
-1.56116319444
-1.74908985283
-1.32980101074
-1.30526734564
-1.46148511502
-1.54690860215
-1.27159090909
-1.45211753119
-1.57621412804
-1.42126262626
-1.93291274594
-1.62818359375
-1.52830152672
-1.35751121076
-1.52301670146
-1.40212386511
-1.37380583127
-1.37974220242
-1.50914757412
-1.36914370079
-1.55472483707
-1.45737567204
-1.67355421687
-1.38172379697
-1.58965949821
-1.5672850845
-1.42774160384
-1.74274390244
-1.80684322034
-1.41632481506
-1.50847368421
-1.44332983193
-1.73763689975
-1.36916832339
-1.40538218794
-1.71482802013
-1.46732014388
-1.55419320594
-1.62718680504
-1.59378267364
-1.49935495119
-1.41116013072
-1.89419642857
-1.5841226138
-1.30068253968
-1.3670519316
-1.44350582591
-1.46048772169
-1.74507890365
-1.5097311828
-1.40150506971
-1.40841315453
-1.33885135135
-1.31091152019
-1.39790689886
-1.3354139923
-1.46201590595
-1.35203005115
-1.51305054152
-1.63951171875
-1.56749254843
-1.59249625748
-1.61031135531
-1.47258344923
-1.58822544643
-1.29448686622
-1.40695828144
-1.24455202312
-1.6028004451
-1.63315972222
-1.53177586207
-1.12693034557
-1.26197613504
-1.40831718346
-1.26164443155
-1.44116735537
-1.54787651677
-1.28639749702
-1.58287325039
-1.29979338843
-1.46867408907
-1.69967680608
-1.45389632107
-1.27110023725
-1.4742357337
-1.42511604775
-1.44776637988
-1.50760645604
-1.43086885246
-1.72483319433
-1.25382637629
-1.49624827109
-1.41759933775
-1.6081716954
-1.43935185185
-1.41462748876
-1.34213570982
-1.51967975207
-1.3794996642
-1.48127607789
-1.45008555784
-1.51993963068
-1.25034975669
-1.38262310606
-1.29832161125
-1.73073671498
-1.40498053212
-1.73744085173
-1.40296116505
-1.38996490108
-1.59918596237
-1.64844102179
-1.25717821782
-1.41244321869
-1.63092680986
-1.77215111478
-1.32940715182
-1.52840594744
-1.38972964574
-1.96143776824
-1.37129061925
-1.54461956522
-1.3525
-1.52401960784
-1.58712343865
-1.48532534247
-1.33443845178
-1.48951159522
-1.45138798171
-1.48794117647
-1.38234454315
-1.44524209818
-1.55493521341
-1.65483934169
-1.35223905724
-1.33337845969
-1.49340969455
-1.31634796238
-1.67992369186
-1.67247001499
-1.64236272235
-1.3476567768
-1.46145973154
-1.70520917136
-1.92875859107
-1.38557565789
-1.5373082542
-1.4716722973
-1.1575994695
-1.45068378919
-1.45171254802
-1.508625
-1.66607421875
-1.29263888889
-1.47716712899
-1.33554421769
-1.56609014675
-2.0912428023
-1.60639140271
-1.5965070922
-1.61445075758
-1.58438602682
-1.45976641842
-1.40223616474
-1.5237628866
-1.36978618421
-1.46519366197
-1.4655651341
-1.62107359636
-1.41327082009
-1.633667676
-1.6884870993
-1.67562030075
-1.38710369881
-1.26969106179
-1.44467699407
-1.31823051948
-1.27041939322
-1.32415436654
-1.3956440678
-1.87722750865
-1.32868107769
-1.53260041551
-1.58326813656
-1.48929562804
-1.60790777439
-1.54178156749
-1.25334633854
-1.61754622496
-1.23659897025
-1.41950200535
-1.23384864547
-1.28190574985
-1.65806510607
-1.79931421446
-1.68280775076
-1.63380637636
-1.81832608696
-1.42297160243
-1.83178714859
-1.28450725514
-1.45871024735
-1.61303752932
-1.2900940534
-1.24237998843
-1.3264643075
-1.45351485148
-1.37228543563
-1.40439364462
-1.40709731544
-1.50418965517
-1.27659607121
-1.42241792066
-1.83977935054
-1.64008588499
-1.62274305556
-1.47982914923
-1.40995529574
-1.62082692308
-1.35741740788
-1.35523617153
-1.43125838926
-1.30978192162
-1.31153245943
-1.4319124424
-1.44981203008
-1.63153518948
-1.61360850757
-1.50369359534
-1.42890163934
-1.48095486111
-1.4341490723
-1.36541953663
-1.17945725534
-1.49215721464
-1.405
-1.26847502973
-1.30563756281
-1.5476048951
-1.38708333333
-1.41409698997
-1.55894147399
-1.77926257459
-1.54163051338
-1.3723339719
-1.46638908575
-1.45246430999
-1.87591723549
-1.34318871359
-1.59780159884
-1.34861574383
-1.59286984353
-1.34487638256
-1.65139846743
-1.60616157856
-1.42339151266
-1.31574074074
-1.38679851251
-1.43263384005
-1.56738896848
-1.29722400513
-1.74598287113
-1.5091883345
-1.35946428571
-1.6102006056
-1.38702618884
-1.47306463068
-1.57018492673
-1.46792168675
-1.35234530938
-1.59154753395
-1.67086155004
-1.57076453697
-1.22313368056
-1.43362190813
-1.4739704873
-1.5135092068
-1.34461220598
-1.73625383436
-1.56250902527
-1.300359375
-1.66267633229
-1.28639380531
-1.71221568627
-1.48536543716
-1.51769896194
-1.41894192256
-1.46689783491
-1.42666340509
-1.44228040541
-1.54758756254
-1.15291385135
-1.45800071276
-1.4197376943
-1.56944861215
-1.61706170053
-1.3769318926
-1.43195927904
-1.60691101386
-1.4485719323
-1.48875728863
-1.72318252127
-1.26486111111
-1.42278502747
-1.58994030899
-1.55764856933
-1.27637071651
-1.39002946955
-1.34520888594
-1.49319272977
-1.65795112782
-1.59289108187
-1.70727768456
-1.42184227749
-1.23271694817
-1.40615659519
-1.43750845166
-1.55336815562
-1.41854059278
-1.84440545004
-1.39628728923
-1.39663822526
-1.52571868583
-1.69371657754
-1.36805468259
-1.33558601134
-1.62885214008
-1.43669077135
-1.45838456284
-1.59180906389
-1.72581499592
-1.40188519022
-1.58399635036
-1.35239226869
-1.68090038314
-1.38539687924
-1.31481539424
-1.43001628664
-1.41623146357
-1.46519366197
-1.54887204142
-1.51473776224
-1.73826650943
-1.37142181589
-1.36439492518
-1.71632113821
-1.45223905724
-1.33466346154
-1.3067809466
-1.85837874659
-1.07075197889
-1.54031844802
-1.51044802867
-1.22320595099
-1.44774604267
-1.41605
-1.57993594574
-1.52140014472
-1.69294288079
-1.44761823167
-1.5075
-1.45880754476
-1.51518296974
-1.5031948324
-1.61026682135
-1.51545545881
-1.37457865169
-1.42230476849
-1.38808489305
-1.66045098039
-1.4368681694
-1.43866880799
-1.56516364902
-1.62131889764
-1.53449895616
-1.49592503439
-1.42312937063
-1.59991052255
-1.37333437111
-1.44089788732
-1.75680703189
-1.44820667614
-1.60942292171
-1.40890564827
-1.46735468956
-1.34798412698
-1.73702886929
-1.911460217
-1.48127607789
-1.3598759222
-1.41951019066
-1.71360557769
-1.77070727719
-1.46796544429
-1.36805464121
-1.48264275766
-1.32291800128
-1.4627910845
-1.39382859034
-1.451485623
-1.52748719824
-1.63756299496
-1.49763955892
-1.32124840358
-1.60041071429
-1.34217041801
-1.33510329245
-1.40761829653
-1.59416787791
-1.64269641495
-1.5706592219
-1.51633502171
-1.35918604651
-1.75596456693
-1.49321599453
-1.49620363891
-1.39371666667
-1.6846196868
-1.58284526392
-1.61478534419
-1.54656976744
-1.49325288919
-1.38624394673
-1.6820112782
-1.55791071429
-1.33939150032
-1.60208177044
-1.25917956656
-1.38180781759
-1.44801860786
-1.41605489418
-1.79159274194
-1.51980585831
-1.56746575342
-1.11776893524
-1.5646336858
-1.28756781193
-1.38414750958
-1.47307035519
-1.63339015151
-1.735
-1.58321155184
-1.77938884331
-1.34868963486
-1.32464107366
-1.40781553398
-1.69655369383
-1.42530716724
-1.34064356436
-1.53885061639
-1.48735895628
-1.3677562922
-1.3742259552
-1.73207356508
-1.49400604432
-1.93121772805
-1.50864261168
-1.26263173302
-1.58082967836
-1.29504936121
-1.27349269184
-1.55479426892
-1.23444741533
-1.43353739246
-1.38427444795
-1.56250913075
-1.53177721701
-1.59485032074
-1.42087491683
-1.32136306135
-1.38346102598
-1.38801529255
-1.66528324154
-1.31705175601
-1.65955824863
-1.52722300635
-1.37875673854
-1.67722440945
-1.45431392931
-1.43318363273
-1.58116666667
-1.43145595158
-1.59269604441
-1.43693293886
-1.3368705036
-1.36133354351
-1.46221461187
-1.48777192982
-1.5622829233
-1.44240777339
-1.41901479489
-1.48392137097
-1.48163094441
-1.76348736177
-1.34977951153
-1.37322896901
-1.41216736695
-1.55902677279
-1.26597055288
-1.43227950713
-1.6211438152
-1.7266733871
-1.70013922037
-1.66268910741
-1.9186295972
-1.55722869629
-1.47109211445
-1.77825456053
-1.48305594901
-1.42687202178
-1.19643058691
-1.4550799467
-1.52182233146
-1.61924354244
-1.28593002392
-1.47963028169
-1.4667866941
-1.37735219326
-1.87506768953
-1.64161619985
-1.51071182944
-1.39509452412
-1.44855047749
-1.67602120974
-1.64677230047
-1.45482332155
-1.39005700872
-1.51663662581
-1.81590302491
-1.43787048969
-1.47560240964
-1.37762345679
-1.41217171717
-1.45478947368
-1.57292600897
-1.55054225879
-1.64384057971
-1.47381559767
-1.30268569675
-1.786010682
-1.66432094082
-1.5602297593
-1.31184782609
-1.71174127466
-1.64359778598
-1.50662892622
-1.55834595004
-1.49728561549
-1.90872294372
-1.67003311258
-1.37765992167
-1.47593039283
-1.59433925811
-1.54346988796
-1.4997034194
-1.25690309399
-1.18861126449
-1.47017025712
-1.60954124904
-1.46202468312
-1.35830624187
-1.63624810319
-1.32768456376
-1.5030540721
-1.65757756563
-1.7246802558
-1.20989464692
-1.59431034483
-1.59409547739
-1.4597133758
-1.60071115974
-1.42340743198
-1.19297532249
-1.60984521238
-1.39214142091
-1.80670124481
-1.39764843229
-1.26934931507
-1.19808025404
-1.42489844279
-1.6169193787
-1.18008077123
-1.45620579915
-1.49469544846
-1.35885975995
-1.57322453372
-1.61571597168
-1.58051065393
-1.52266593727
-1.52357091172
-1.4877547435
-1.2597614841
-1.39674546632
-1.53172597865
-1.54011289148
-1.37999675535
-1.36508160703
-1.4812369338
-1.75403091061
-1.31761583012
-1.62103435672
-1.4997100955
-1.59601370851
-1.77068894389
-1.46041666667
-1.51676532033
-1.55956095791
-1.59737136465
-1.67566087613
-1.05388645224
-1.59018324607
-1.37610606061
-1.42040783558
-1.79736949429
-1.57694996321
-1.36979986877
-1.38248162993
-1.67227863526
-1.59055721765
-1.37625401929
-1.63669568509
-2.35422651934
-1.16859492988
-1.48236462094
-1.60692748092
-1.53147199454
-1.53562167553
-1.38251270648
-1.43101541555
-1.50142123288
-1.65401886792
-1.61374524715
-1.31664067374
-1.56423507463
-1.43850632069
-1.54342293907
-1.41953674121
-1.52002452698
-1.39128179384
-1.26938865918
-1.45690635451
-1.32346518987
-1.63562906724
-1.35291341146
-1.52942281421
-1.6901557508
-1.49663362953
-1.63233126455
-1.46243961353
-1.38417994688
-1.34346250788
-1.29407280647
-1.40716403162
-1.59825056433
-1.4200243563
-1.4429732659
-1.46865079365
-1.7179681112
-1.46343258042
-1.48079391892
-1.4201954937
-1.64303018268
-1.45922739541
-1.56542072323
-1.38197559367
-1.40708831341
-1.46917071478
-1.78270661157
-1.52388196481
-1.29282945736
-1.51936206897
-1.53517378711
-1.38340432503
-1.49934767278
-1.33928789731
-1.36714333782
-1.94070776256
-1.7707374254
-1.69989927478
-1.41318624044
-1.44314814815
-1.53961834734
-1.41154715762
-1.5785687453
-1.60867083947
-1.62999620061
-1.42036593707
-1.65682330827
-1.55960183228
-1.39177440207
-1.30755979499
-1.70083984375
-1.31139570552
-1.60942171518
-1.63903338509
-1.53674460432
-1.46526261937
-1.34914183938
-1.40260826772
-1.28942248301
-1.30222582547
-1.33769254467
-1.25825373134
-1.50734903782
-1.59354655564
-1.43523662551
-1.40448082011
-1.37560625399
-1.39325242718
-1.47325853985
-1.38197008275
-1.47532258064
-1.52079756795
-1.38730392157
-1.31870737756
-1.74486699917
-1.43043552812
-1.42749010554
-1.61646341463
-1.50353412256
-1.36079439252
-1.46971757322
-1.78769324654
-1.54976067747
-1.39236703874
-1.67270733652
-1.45405547753
-1.58923507463
-1.38368644068
-1.6408757716
-1.60205927637
-1.75395249221
-1.32073667712
-1.48982617587
-1.65138110488
-1.47221627409
-1.53767580872
-1.75229115977
-1.4495904325
-1.65445368171
-1.36424626381
-1.46582214765
-1.53099217639
-1.68505216693
-1.44905886379
-1.33680243746
-1.50386884108
-1.33471366995
-1.48756245539
-1.40324351297
-1.62437451134
-1.29653633005
-1.50797176309
-1.31243235117
-1.47128762542
-1.71484741784
-1.47336148649
-1.41807249322
-1.3875232486
-1.77540118243
-1.297546875
-1.21831616052
-1.36827102804
-1.75507217322
-1.5152166065
-1.32475947084
-1.62063176895
-1.53156041512
-1.37464355152
-1.55881374723
-1.52202809798
-1.32218693285
-1.67792490119
-1.50324238129
-1.47907183499
-1.5101186197
-1.43667002012
-1.24192238267
-1.50977430556
-1.51212713068
-1.33096662468
-1.39979180013
-1.40405359566
-1.56865370506
-1.70518830128
-2.06132028112
-1.77770100502
-1.25535822708
-1.52988683128
-1.65664728682
-1.32641832918
-1.50328663793
-1.65867816092
-1.43238078541
-1.50916545189
-1.53274697939
-1.80361981372
-1.82197824335
-1.60048948513
-1.49009951956
-1.59021412472
-1.79591262976
-1.36714333782
-1.56509608278
-1.63228937729
-1.26079545455
-1.68712471132
-1.36068253968
-1.46229591837
-1.72784227382
-1.27073739888
-1.3323297604
-1.51419731259
-1.78023206751
-1.37786423841
-1.56111317945
-1.4229516129
-1.54878181818
-1.28479093051
-1.40815180395
-1.32427140255
-1.65893423138
-1.29143420255
-1.35243940336
-1.76525041051
-1.66594626168
-1.29394990947
-1.53390360559
-1.63369815668
-1.52933928571
-1.37684159061
-1.42952874332
-1.43281569966
-1.418816313
-1.70983448807
-1.4990111034
-1.61797473201
-1.60206723338
-1.38523609314
-1.52058107168
-1.1938737974
-1.62349609375
-1.42475231176
-1.46250853242
-1.58965707965
-1.55923748103
-1.43992743607
-1.50178943711
-1.32200579523
-1.5459137931
-1.4749127095
-1.43219671008
-1.49536770007
-1.61362481858
-1.34186236138
-1.47702372645
-1.59896806854
-1.71217664449
-1.69915845649
-1.38923153034
-1.64603448276
-1.71396276596
-1.39378229974
-1.3165576324
-1.43134249471
-1.44796549479
-1.38933441558
-1.53100589536
-1.4145709571
-1.3928366305
-1.51008543834
-1.59408396947
-1.59285984848
-1.49861111111
-1.7760349026
-1.5393003413
-1.54201339915
-1.69722672065
-1.34542643229
-1.33781779661
-1.36755898367
-1.56883975813
-1.85441908714
-1.65621200608
-1.53961834734
-1.3586589404
-1.49863765039
-1.43073095401
-1.75962863706
-1.46792549556
-1.52514134276
-1.49795168067
-1.68760973663
-1.59591043671
-1.44672512527
-1.50915374241
-2.01022622345
-1.44662671233
-1.36815944882
-1.65713452566
-1.49718436155
-1.68611325116
-1.6341477717
-1.75748995984
-1.51871112647
-1.61309344386
-1.55413681948
-1.54765462126
-1.42091236102
-1.54687281621
-1.38156793303
-1.54359018659
-1.74476791531
-1.52245417515
-1.33223023839
-1.44862990528
-1.31814442413
-1.67041634836
-1.27178442029
-1.54368402533
-1.33143274854
-1.30313484562
-1.45609546703
-1.38670864534
-1.99727399814
-1.52492790195
-1.36303139307
-1.37092322335
-1.36094551282
-1.48644452198
-1.35901307596
-1.52587949102
-1.5612197724
-1.84963362069
-1.66759536275
-1.49535765896
-1.4892208246
-1.46787868633
-1.68378323932
-1.67564054258
-1.43650513479
-1.27316883923
-1.44332276251
-1.36506653992
-1.41023840627
-1.77914225941
-1.76179012346
-1.38721792392
-1.55557004471
-1.33234655921
-1.59306175595
-1.43730392157
-1.45422122674
-1.47904810298
-1.5000509165
-1.44632498352
-1.45077532736
-1.62505530973
-1.54419510386
-1.12849593496
-1.50972702142
-1.48364661654
-1.45670648464
-1.49567833698
-1.46886440678
-1.40237541528
-1.34639884763
-1.30967589679
-1.3741629105
-1.60119771863
-1.49657748436
-1.4602756455
-1.51248273481
-1.48488002823
-1.46809993202
-1.25181523022
-1.5081203766
-1.48384482759
-1.4067677756
-1.41386798906
-1.41485684358
-1.53941489362
-1.53156163435
-1.39628728923
-1.34312261753
-1.56871268657
-1.49410426872
-1.77588209983
-1.42540349697
-1.36182304786
-1.56868401207
-1.46817394317
-1.62430555556
-1.58017115805
-1.54531021898
-1.50537616511
-1.5988997114
-1.5424764322
-1.29757922535
-1.49399072753
-1.49476005646
-1.56401060071
-1.42892431675
-1.42275226391
-1.62589352197
-1.5521438696
-1.45715482574
-1.57044128373
-1.73725860621
-1.72529952077
-1.46985733245
-1.27217037929
-1.44524911032
-1.37274029281
-1.47727736234
-1.59373589165
-1.51458643815
-1.34502858958
-1.43949594046
-1.60320043892
-1.21555129717
-1.28452380952
-1.34926332288
-1.5156440678
-1.28739457831
-1.63363138686
-1.46664926931
-1.53659494536
-1.64606893881
-1.35185240964
-1.46447986577
-1.67427734375
-1.45216314399
-1.42157911803
-1.15568548387
-1.35087468193
-1.6097023361
-1.65637621541
-1.78014227642
-1.76196236559
-1.64462546816
-1.45343072882
-1.42993945188
-1.65554496951
-1.48050876011
-1.39105756792
-1.65481950845
-1.51537256267
-1.38624751161
-1.6447237145
-1.32222769029
-1.3545235029
-1.51246453901
-1.6988385377
-1.59974688474
-1.52918790969
-1.46981997283
-1.37538851351
-1.45024414062
-1.34247394237
-1.5731268546
-1.39283461808
-1.34011768256
-1.33272637795
-1.66398669797
-1.50875086987
-1.54955799151
-1.47917566595
-1.78360912343
-1.54915162455
-1.71270750988
-1.51089830508
-1.65715671063
-1.59435307018
-1.62394911504
-1.41396124523
-1.50611626248
-1.43433636955
-1.54528268551
-1.68840206186
-1.62060077519
-1.65300854037
-1.63209583029
-1.40005033557
-1.38588682991
-1.4104944675
-1.60106421356
-1.62581935976
-1.40406354515
-1.1954665493
-1.68963414634
-1.42191660827
-1.31336618877
-1.38157643312
-1.31964390818
-1.65203016241
-1.57148351648
-1.66147194466
-1.38257776307
-1.53470650636
-1.49537716956
-1.31884220654
-1.73052486188
-1.4960971223
-1.64764941691
-1.40966346154
-1.52848474341
-1.40632013201
-1.20556994819
-1.61128738147
-1.21487865416
-1.67193509615
-1.3695864156
-1.40709731544
-1.37651960784
-1.6611575179
-1.41167469051
-1.61242458522
-1.53489547038
-1.35755776637
-1.54709259259
-1.3999835958
-1.33616645244
-1.57619958275
-1.5968185241
-1.26797769741
-1.38112680683
-1.58297610682
-1.51219642857
-1.53324949698
-1.2928111588
-1.40403331156
-1.79711538462
-1.322859375
-1.55160418169
-1.3052340291
-1.57425428784
-1.5391630117
-1.38753928347
-1.3780720339
-1.36794830887
-1.67603750998
-1.29607873528
-1.59563343328
-1.28528972521
-1.64559264816
-1.4533161512
-1.39718424479
-1.23056216538
-1.46288569425
-1.5045533241
-1.26901430348
-1.3428686934
-1.35609872611
-1.37349180328
-1.5520477208
-1.45603078024
-1.51688753582
-1.59828582434
-1.46140793011
-1.67425954793
-1.47463942308
-1.35339008363
-1.47804332875
-1.23738751406
-1.4462758851
-1.58715053763
-1.51296231682
-1.62745551601
-1.5249308915
-1.4932437032
-1.71384822804
-1.345984375
-1.59902141802
-1.53130387931
-1.89215362865
-1.49067708333
-1.44924667134
-1.54198924731
-1.59755311077
-1.27830990041
-1.41896605908
-1.57860473458
-1.60634356287
-1.4542654809
-1.8819741533
-1.55548869438
-1.52430456491
-1.56394097222
-1.7200925181
-1.4090511658
-1.75065841979
-1.69477358491
-1.35536417323
-1.37881781648
-1.42352844997
-1.62675339366
-1.47020716292
-1.44441917425
-1.59136971047
-1.62496389892
-1.33306089744
-1.54400216138
-1.35933224756
-1.32607936508
-1.41791068082
-1.54872787611
-1.46890163934
-1.56329044118
-1.63695397816
-1.5968862491
-1.76793344289
-1.58746296296
-1.39414460285
-1.31167072428
-1.80798880276
-1.37980013106
-1.28460502693
-1.52775179856
-1.44064833673
-1.51519270475
-1.38202010376
-1.54399621212
-1.3171942225
-1.39700132538
-1.32674804099
-1.32866153846
-1.38990933512
-1.3812416332
-1.45223492723
-1.19198611111
-1.61272338772
-1.80316960537
-1.41856902357
-1.49596664398
-1.65978783026
-1.44135869565
-1.5294630643
-1.39167792032
-1.21367655448
-1.49486869385
-1.65581264108
-1.35957760314
-1.54062066574
-1.25081139008
-1.33660120846
-1.5581095791
-1.37800986842
-1.48365127175
-1.59312043796
-1.17021304577
-1.39352207294
-1.4705399061
-1.32786961946
-1.64325553797
-1.45929794521
-1.56337856646
-1.29385723039
-1.86021944923
-1.38842744583
-1.39108311518
-1.34946873103
-1.36047574039
-1.34018092105
-1.411312146
-1.69722672065
-1.42926008969
-1.43438151494
-1.45643887363
-1.23226777523
-1.6084902371
-1.56991587418
-1.68508533747
-1.60344002943
-1.27930107527
-1.37496825397
-1.3054825901
-1.34009609423
-1.59036780772
-1.47076570219
-1.49444639103
-1.49458424508
-1.18721306651
-1.21485754986
-1.50651595745
-1.40825487559
-1.60027736686
-1.53630653266
-1.74381547139
-1.3912254902
-1.42467150761
-1.60706480784
-1.38704121056
-1.69373517787
-1.3500462963
-1.30051050175
-1.40926110007
-1.55128066378
-1.48900966184
-1.50292324247
-1.63149500384
-1.58614790287
-1.55383414296
-1.28558461538
-1.65712312549
-1.54509427374
-1.49789568345
-1.61541280864
-1.39737614081
-1.86373931624
-1.24657514451
-1.47092134013
-1.61642267267
-1.47459335219
-1.51667256011
-1.49970506593
-1.51274474257
-1.66346755278
-1.5056906272
-1.36479166667
-1.34324983735
-1.73067642405
-1.40821263989
-1.45292345854
-1.71723781998
-1.63359554873
-1.44805440771
-1.54156955572
-1.67083654587
-1.47521812081
-1.37708741031
-1.43563394683
-1.41249131341
-1.29570561941
-1.3428686934
-1.27939494281
-1.34344944513
-1.39565287654
-1.47419181034
-1.60174139311
-1.71249046529
-1.09333423472
-1.53039872971
-1.56758302583
-1.50005222841
-1.67140957447
-1.53755681818
-1.62603354134
-1.53868440233
-1.8957173913
-1.33107726131
-1.22663294798
-1.71538306452
-1.56336330935
-1.56023860399
-1.46027091907
-1.413935247
-1.33873770492
-1.4634765625
-1.55169159544
-1.67150892164
-1.50210760795
-1.7218289689
-1.3581702544
-1.29499398677
-1.26489393939
-1.33399324739
-1.51375942426
-1.52999651811
-1.39080478345
-1.22171965318
-1.33349118223
-2.21714071856
-1.53370115774
-1.39655577957
-1.53098920863
-1.77573653199
-1.28878631961
-1.30534267913
-1.28052552553
-1.62065543071
-1.42474143504
-1.74528985507
-1.70890384615
-1.40089693412
-1.71150700935
-1.4059137931
-1.3234317905
-1.63708015267
-1.37987033523
-1.34610568112
-1.59130516081
-1.42653165419
-1.49304971989
-1.57350909091
-1.22379426129
-1.51961956522
-1.45897306397
-1.83422916667
-1.39803443795
-1.365984375
-1.66350463678
-1.33175593427
-1.5501216968
-1.8532464847
-1.40082152062
-1.56018900344
-1.66324439288
-1.56453530259
-1.43223684211
-1.77271380186
-1.27718956209
-1.43904805915
-1.66745768948
-1.77099753695
-1.522432135
-1.62302437223
-1.86143181818
-1.37914482307
-1.39362426995
-1.54772094642
-1.47289545146
-1.36467845659
-1.55894294075
-1.50698395332
-2.08902737048
-1.27809107358
-1.53303639121
-1.68389097744
-1.6675058548
-1.53793290043
-1.51111687414
-1.49726861517
-1.30499136939
-1.465921886
-1.40365044248
-1.91858919382
-1.6844369548
-1.41175614489
-1.75025291829
-1.35049112801
-1.43076797386
-1.52232399425
-1.38451540436
-1.20082533013
-1.36415064103
-1.821877602
-1.77109126984
-1.35016686893
-1.45226962457
-1.62958750964
-1.36893650794
-1.55727179836
-1.45340359364
-1.51858041032
-1.95603211009
-1.26390834793
-1.67851923077
-1.45180899609
-1.46821380697
-1.59638749101
-1.36967079531
-1.501521261
-1.3608265242
-1.4518422865
-1.37056089744
-1.41432820154
-1.70406839623
-1.18159518214
-1.14098338692
-1.26665114835
-1.79469008264
-1.6156998503
-1.49559629883
-1.45166227781
-1.53561320755
-1.42074932796
-1.32016768293
-1.46406785469
-1.3916403287
-1.66486
-1.39978772044
-1.61680874722
-1.59497566064
-1.36960093897
-1.57053505535
-1.46861054767
-1.6030754717
-1.46333693305
-1.34186823679
-1.46119631902
-1.51336720392
-1.46567392784
-1.17534373347
-1.4392160052
-1.24556270997
-1.29146158463
-1.49332507082
-1.41077854671
-1.46513617318
-1.73947033898
-1.5932254623
-1.58720886551
-1.63659813809
-1.61497144896
-1.85256804214
-1.54496110325
-1.55057153392
-1.36229788557
-1.25913636364
-1.54238422576
-1.61010352761
-1.49190864023
-1.75600594227
-1.38589367254
-1.49618763176
-1.50321052632
-1.36411933631
-1.62109435421
-1.3199246988
-1.35078475336
-1.55216836735
-1.66528974158
-1.37718520782
-1.34389589905
-1.58467032967
-1.49345486111
-1.20624641011
-1.56439873418
-1.34819974953
-1.4504823686
-1.53253033547
-1.69726319876
-1.74411402789
-1.47247508306
-1.5872983871
-1.55233799705
-1.43733985165
-1.34010703364
-1.28618776245
-1.49225726435
-1.56323104693
-1.50744194229
-1.46306321453
-1.4105649902
-1.46759634888
-1.08949370409
-1.47293220339
-1.4027907754
-1.34210277427
-1.53265567766
-1.72562548866
-1.73516505636
-1.54264495347
-1.43152985075
-1.56298925556
-1.53969642857
-1.31034848485
-1.56734200743
-1.71223524962
-1.39370595772
-1.50741584853
-1.81816770186
-1.41843065693
-1.40582282681
-1.31914276998
-1.5401653765
-1.83298440066
-1.42312665782
-1.38370880968
-1.6754354711
-1.40725967957
-1.3757807417
-1.77918053245
-1.52075163399
-1.74721544715
-1.7429757085
-1.66310999225
-1.37999658936
-2.17839412361
-1.49405434016
-1.46140196767
-1.58406411201
-1.42096179625
-1.43208737864
-1.40932288192
-1.55952627939
-1.45484589041
-1.65221494607
-1.44656146179
-1.5971350365
-1.41324024226
-1.32921741778
-1.64523001508
-1.26624388753
-1.66089353612
-1.57686539868
-1.4813777308
-1.76646245059
-1.59052494415
-1.48332764505
-1.59873440939
-1.48753576538
-1.51442847125
-1.49689473684
-1.76023305085
-1.58239567809
-1.43381453804
-1.51949743213
-1.54647413182
-1.45657114624
-1.30169518378
-1.66360981308
-1.58338629943
-1.5859064112
-1.27050711744
-1.59231770833
-1.5876459854
-1.59355595668
-1.33275484678
-1.58514683735
-1.59234114977
-1.65012811127
-1.36201024714
-1.58043084721
-1.38939441978
-1.33815379826
-1.30682949596
-1.46573529412
-1.52419524143
-1.41282425422
-2.10565989848
-1.52833449721
-1.47089632829
-1.51826292789
-1.86568499127
-1.46945410292
-1.93607678729
-1.45182968536
-1.98121251071
-1.59352477477
-1.73271628995
-1.44148972603
-1.42287442773
-1.58803403331
-1.46126834382
-1.49026904263
-1.53687725632
-1.89340684068
-1.73455426357
-1.34545596502
-2.11147668394
-1.16381578947
-1.36886882129
-1.19207249585
-1.59323785352
-1.56140705364
-1.57851923077
-1.45087090164
-1.37504882812
-1.3569654088
-1.44630059721
-1.42998974709
-1.52093232541
-1.57363349685
-1.41408102767
-1.62835271318
-1.39333444149
-1.46681094183
-1.41183193818
-1.53614225648
-1.54255357143
-1.52425656985
-1.39409090909
-1.78123342175
-1.37842087077
-1.58453068592
-1.15451117318
-1.2646460177
-1.58476928623
-1.29173953779
-1.36348007712
-1.35072254335
-1.41202552356
-1.39637297634
-1.59872974963
-1.58568503351
-1.24360395446
-1.65882701422
-1.74202622673
-1.24551955633
-1.76187007874
-1.40615561392
-1.35696695761
-1.2794921875
-2.35528741865
-1.31331388206
-1.17991962306
-1.43392375169
-1.56928846154
-1.47723154362
-1.57488488104
-1.62187031484
-1.26014381885
-1.45155268667
-1.55082282913
-1.65269918094
-1.35819020356
-1.57768579838
-1.22837405468
-1.47086195055
-1.36615951313
-1.41022882514
-1.5105125523
-1.57127697842
-1.36532154341
-1.46767211997
-1.4152310231
-1.55187956204
-1.421921875
-1.53483126722
-1.47441239316
-1.57455522609
-1.36546865104
-1.35573846154
-1.25780609256
-1.30729607251
-1.60506352765
-1.28874843945
-1.52592657343
-1.33926508344
-1.4859137931
-1.91074868651
-1.32935704961
-1.35291401274
-1.51293843951
-1.57498172515
-1.49040317023
-1.45200463883
-1.48317837466
-1.52126168224
-1.41744774107
-1.57299697657
-1.58934151786
-1.60189850958
-1.77774858529
-1.37619281046
-1.34318627451
-1.33173846154
-1.53992589979
-1.69025490196
-1.34197204969
-1.2857165109
-1.31678593653
-1.47680430257
-1.2636433869
-1.55282287823
-1.54198113208
-1.43333894879
-1.57042592593
-1.40058803763
-1.55008747376
-1.50277588556
-1.57444485566
-1.35479341511
-1.6588179036
-1.47066130161
-1.45253099174
-1.44080907244
-1.4255322688
-1.35214332461
-1.47320469799
-1.26194996986
-1.37422391017
-1.32365034526
-1.69360739575
-1.51812544295
-1.7850625
-1.52583514887
-1.24768138801
-1.27050240674
-1.78697833066
-1.44312583222
-1.53169831224
-1.5944795539
-1.41371515976
-1.28600757135
-1.44192536328
-1.44630952381
-1.44945073236
-1.36924460432
-1.32063810111
-1.51150295421
-1.39674189447
-1.48438411079
-1.75424331104
-1.38795751634
-1.35477330779
-1.68937549097
-1.3286355198
-1.3441581306
-1.46813658202
-1.54297733516
-1.61499613003
-1.53736283833
-1.37673986486
-1.26161693057
-1.54174512441
-1.7325625
-1.79566368078
-1.65630859375
-1.51142699927
-1.52124739402
-1.47086518416
-1.49578291815
-1.58146840149
-1.58076479631
-1.49396959459
-1.64907843137
-1.42320469799
-1.516430131
-1.24666359164
-1.66276871757
-1.3642059949
-1.78733249581
-1.39952830189
-1.28681791222
-1.34316007653
-1.69786942924
-1.52311493411
-1.43096785226
-1.6251525553
-1.53204493526
-1.64935328899
-1.3673364486
-1.28502128954
-1.59568198666
-1.73642045455
-1.62333969466
-1.43114181092
-1.43375244938
-1.45891401038
-1.50259057971
-1.51925628492
-1.36080696203
-1.7070585997
-1.57053964758
-1.71257974482
-1.53115065653
-1.5886996337
-1.34154111739
-1.49370592384
-1.34796222664
-1.50701601671
-1.42680664062
-1.85194777397
-1.45405716163
-1.82764928511
-1.67799769408
-1.59952180566
-1.59339215686
-1.86046938775
-1.68310202551
-1.5055372807
-1.34490950226
-1.326934052
-1.40124750499
-1.51669440746
-1.38525723473
-1.5302594172
-1.39100731383
-1.65050904977
-1.49836919973
-1.68311350919
-1.21883097762
-1.57432971014
-1.49367021277
-1.69579715864
-1.32593851133
-1.41080696203
-1.80316584967
-1.57080598104
-1.246875
-1.26687016081
-1.71805105348
-1.54399932387
-1.76216160788
-1.61018107908
-1.68463785047
-1.62623997082
-1.77883711825
-1.37573484385
-1.49606027596
-1.40569173942
-1.62827155824
-1.1226953125
-1.67052891933
-1.39256756757
-1.2492688239
-1.51254731264
-1.69458782743
-1.46207997312
-1.68407063197
-1.29337593516
-1.67353508096
-1.64925401683
-1.68271297007
-1.52467880086
-1.70534552846
-1.51511671687
-1.50690836941
-1.34462848297
-1.36805900621
-1.51414728682
-1.77200946644
-1.41197019868
-1.31632231405
-1.37880678183
-1.81168590272
-1.41570900538
-1.4418796234
-1.6450077101
-1.62963032113
-1.3504942602
-1.31738390093
-1.34766666667
-1.23442891136
-1.24700347423
-1.18646432681
-1.57036830357
-1.48189594972
-1.46248244382
-1.73281379884
-1.34060781918
-1.81966639209
-1.74750196695
-1.48731422505
-1.39449346405
-1.57513338415
-1.40858739837
-1.42605
-1.36853988134
-1.45554558507
-1.32013247073
-1.66984034268
-1.55414145234
-1.64838770865
-1.57047813195
-1.82119654605
-1.71915101721
-1.59758883249
-1.28407395898
-1.6653213466
-1.36816267012
-1.4569666435
-1.43795992116
-1.15896754337
-1.48469283276
-1.4496399177
-1.5293374817
-1.4302744709
-1.65665070007
-1.66997374344
-1.23591830467
-1.60172476398
-1.37123173971
-1.39158961593
-1.43829378925
-1.44994744219
-1.4342676604
-1.42891422737
-1.31489266547
-1.6097023361
-1.42697115385
-1.7414733677
-1.42857394366
-1.73106891151
-1.43990416391
-1.56531907179
-1.52707017544
-1.94526338148
-1.91459401709
-1.39122889306
-1.32933596119
-1.45556125941
-1.42275707384
-1.50710685484
-1.29774069699
-1.49638574284
-1.40568965517
-1.22317708333
-1.30461611675
-1.78289141414
-1.80184061489
-1.60326005961
-1.25065230583
-1.52888537271
-1.51592970522
-1.4093373494
-1.3997870249
-1.34888434947
-1.49156647808
-1.66335205992
-1.33469604863
-1.70577839555
-1.55257111597
-1.49442686357
-1.48025106082
-1.52201882845
-1.45285567715
-1.53193000693
-1.56538604306
-1.52476380814
-1.40923469388
-1.45435568705
-1.55536997126
-1.40256962865
-1.50846801347
-1.56772440393
-1.45634377038
-1.52663004961
-1.75048646362
-1.591
-1.29048406494
-1.29746398559
-1.36117780662
-1.3662531407
-1.19853415815
-1.39671353826
-1.41230213352
-1.57861600587
-1.83311440678
-1.43733721727
-1.44402768834
-2.04640871177
-1.61410498489
-1.48295940171
-1.34939553627
-1.75202437107
-1.74431908155
-1.71296367852
-1.33986111111
-1.3843710493
-1.60696544276
-1.75652261712
-1.62872067449
-1.67097303207
-1.44112849534
-1.46213087248
-1.71037469782
-1.66972243941
-1.4500477707
-1.26578087886
-1.47936206897
-1.49372503329
-1.36947317388
-1.53240154712
-1.51913601665
-1.35701294698
-1.77765739984
-1.40929487179
-1.53609921485
-1.33484610553
-1.38306616644
-1.50840877437
-1.56286791098
-1.65586142322
-1.53883991537
-1.47283309456
-1.6406462585
-1.57217085799
-1.37019414386
-1.45850209497
-1.82665152766
-1.6171498494
-1.43193996127
-1.64730769231
-1.46816348974
-1.39063346883
-1.46810763889
-1.37131014304
-1.76850409836
-1.3845890411
-1.38624401914
-1.50881219341
-1.22643152302
-1.27516447368
-1.41713607595
-1.31683517157
-1.45982709951
-1.783125
-1.27629032258
-1.34766430412
-1.61526845638
-1.69548857368
-1.52234398217
-1.32385748647
-1.49032986111
-1.52505434783
-1.27573399883
-1.5507106414
-1.49319494585
-1.38330711139
-1.48169138418
-1.61564900154
-1.29471532405
-1.50373986735
-1.39372146119
-1.5970043573
-1.44283100466
-1.57291050296
-1.59278955337
-1.56470478326
-1.56412747103
-1.62555776892
-1.37054347826
-1.67894422311
-1.5260845987
-1.22571308725
-1.48558574453
-1.53574260995
-1.47484243697
-1.41337014726
-1.53387272727
-1.6929863344
-1.50005211953
-1.35014053716
-1.43195927904
-1.4452098849
-1.75975363489
-2.03450533463
-1.59868621478
-1.56602379236
-1.45838373656
-1.6067472119
-1.31906441718
-1.50580175913
-1.68861088871
-1.58630111524
-1.57779296875
-1.41851145038
-1.34849360925
-1.57909717186
-1.63124062968
-1.62635586924
-1.59788043478
-1.28194106926
-1.3436970684
-1.45753401361
-1.19312816189
-1.820316253
-1.61429931455
-1.30601347017
-1.63472627737
-1.43768292683
-1.58181322674
-1.9017887931
-1.44721631206
-1.58749081558
-1.44641868512
-1.25747215347
-1.38946045576
-1.37822017766
-1.47609649123
-1.36359732824
-1.65884554768
-1.33338168923
-1.49437544358
-1.56818673396
-1.82076235094
-1.4786817883
-1.51047410894
-1.28246773202
-1.47769944979
-1.62332949309
-1.47829824561
-1.69535294118
-1.50186594203
-1.37587056505
-1.63888261851
-1.44118794326
-1.5299963925
-1.6622810358
-1.38919050715
-1.55188984881
-1.43205345061
-1.80101468048
-1.49728373702
-1.58826908821
-1.55315517241
-1.61042325949
-1.424734572
-1.43151586766
-1.51619298246
-1.63838553318
-1.55051164432
-1.47511792453
-1.38353072983
-1.53074589579
-1.4940417256
-1.43089830508
-1.46816485753
-1.42220558882
-1.56603740296
-1.65916602613
-1.47119823489
-1.61518826937
-1.57111561119
-1.64225595696
-1.47513651877
-1.37716189857
-1.33575185644
-1.72814197052
-1.57353046595
-1.45954157782
-1.30623497596
-1.53457112971
-1.52318505338
-1.38951060917
-1.42203624079
-1.50005411255
-1.705428051
-1.33081680529
-1.21686096292
-1.33625890556
-1.47982724774
-1.49605422416
-1.18984927304
-1.36317880795
-1.2849385818
-1.49348659004
-1.38608259183
-1.75380460091
-1.58296849088
-1.61738666667
-1.70921646746
-1.19069708006
-1.25242020714
-1.70244572685
-1.70471082506
-1.45938093152
-1.66256921373
-1.58338383838
-1.42960906778
-1.45313044857
-1.48297135663
-1.48265788585
-1.53345688818
-1.6708644021
-1.35699707415
-1.36162248661
-1.55254084304
-1.33892803758
-1.3070861678
-1.62719138216
-1.47662408053
-1.71814686659
-1.36400545155
-1.43842244975
-1.48476118271
-1.44076149809
-1.72882726748
-1.46169802219
-1.32901316763
-1.66073337019
-1.52485681558
-1.18920896205
-1.34426177428
-1.6196533826
-1.4045243805
-1.2508072757
-1.28080675695
-1.33987019008
-1.38174119241
-1.53213523716
-1.3331589274
-1.35226906243
-1.36761783978
-1.41816591108
-1.57516437786
-1.58612825789
-1.5565015618
-1.4965204236
-1.44588062698
-1.3623727313
-1.69020024809
-1.36771782294
-1.36898640662
-1.34749016886
-1.5728042328
-1.63724263039
-1.38586751822
-1.46905263158
-1.36128323445
-1.27444994499
-1.38490913274
-1.33703943116
-1.32035217929
-1.4235375086
-1.57715251373
-1.55142857143
-1.31893333333
-1.19088220165
-1.65872655396
-1.39993928355
-1.14933333333
-1.55568570034
-1.58741549662
-1.67643525879
-1.59601010101
-1.2914679862
-1.32961068485
-1.41323380764
-1.54736111111
-1.66265256306
-1.1882209377
-1.27602918904
-1.39349237616
-1.28994382792
-1.29980689245
-1.42491051209
-1.22962516734
-1.51458383114
-1.44746125948
-1.30618328298
-1.51270296084
-1.25281533949
-1.32557273769
-1.45814389677
-1.67009456265
-1.29574934578
-1.69137277209
-1.2147327249
-1.50610553164
-1.21213078087
-1.7934629312
-2.29879608728
-1.39425717853
-1.45002583979
-1.33025846702
-1.54760962743
-1.43583478767
-1.34352869353
-1.49132125424
-1.36742323097
-1.68059808398
-1.52107674685
-1.51630837074
-1.51455563916
-1.35860683188
-1.2475134268
-1.19993374412
-1.55764831072
-1.49125427949
-1.53257333941
-1.52401795735
-1.50346245579
-1.74655462185
-1.37228277324
-1.27528627941
-1.51853959222
-1.57370030581
-1.24197849462
-1.31514756944
-1.42312893807
-1.35842432027
-1.70088243666
-1.27080906149
-1.38855218855
-1.37934189169
-1.29610334604
-1.25998170431
-1.35126102912
-1.40168551785
-1.37687418638
-1.32311468095
-1.38875063669
-1.40156898242
-1.40403762331
-1.60767527675
-1.32036104114
-1.38931102065
-1.11308900524
-1.59931340534
-1.39552542373
-1.30463371889
-1.15604651163
-1.44471673852
-1.41967681968
-1.51589843118
-1.44257471264
-1.15402684564
-1.34811443433
-1.67540613326
-1.27199350745
-1.45322222222
-1.3848806366
-1.48253722351
-1.4058786446
-1.24297820823
-1.4819047619
-1.15195681511
-1.53982803239
-1.45074626866
-1.33293545535
-1.19965958606
-1.3589619883
-1.48444095587
-1.72811067877
-1.20730502137
-1.21771633385
-1.20498733684
-1.33852625471
-1.37797430083
-1.38032345013
-1.33225240401
-1.26327374693
-1.20722983257
-1.43516735442
-1.33856562923
-1.34207527365
-1.47786731787
-1.44060093037
-1.39404369008
-1.39324780554
-1.48768464997
-1.29140035273
-1.45044444444
-1.49763285024
-1.29404165759
-1.54278923691
-1.39302394764
-1.46105279527
-1.36065292096
-1.54754480287
-1.53911045462
-1.47935341661
-1.3674796748
-1.5347896856
-1.42634074074
-1.4050469757
-1.35819463188
-1.42619102772
-1.32232142857
-1.38260351504
-1.54231299133
-1.49016844833
-1.58832104416
-1.47750402576
-1.57391230311
-1.39464524766
-1.43686940123
-1.44974545455
-1.75776662951
-1.34815835822
-1.53169467436
-1.43749816041
-1.282733709
-1.37703940362
-1.4841171404
-1.48697712418
-1.66878149525
-1.40525144637
-1.35209162651
-1.37633558192
-1.33555555556
-1.53736643368
-1.29437440094
-1.37661592764
-1.36674318947
-1.63431829964
-1.34487945145
-1.34982172742
-1.37448888889
-1.42161531279
-1.4257164751
-1.59111802316
-1.36011987091
-1.33650387432
-1.62213648834
-1.30744603795
-1.37248538012
-1.4672332389
-1.45509226541
-1.41391498881
-1.57988534817
-1.3774721076
-1.58782870023
-1.36622767181
-1.43467608952
-1.39771895847
-1.47985143918
-1.19773055228
-1.34905047994
-1.53631395926
-1.4144993895
-1.5201232717
-1.74438266702
-1.54217338217
-1.48392928566
-1.54787939867
-1.69728514923
-1.54727668845
-1.12747998719
-1.88094830049
-1.38012684989
-1.39644034278
-1.70652668416
-1.25952172645
-1.24760512392
-1.26615964074
-1.33163888889
-1.65950805768
-1.81061558986
-1.46329524273
-1.5861023484
-1.33330346475
-1.35181040158
-1.27700945626
-1.72425665102
-1.15482760903
-1.67537888629
-1.33189149015
-1.50903594771
-1.34759446315
-1.40869433045
-1.49364029717
-1.1604230515
-1.26169175627
-1.50903455757
-1.40260732749
-1.37043676199
-1.33009041321
-1.29361535448
-1.62070246538
-1.3631754503
-1.40207269228
-1.41027343133
-1.92462793068
-1.49725352701
-1.18246400435
-1.40043664717
-1.51669188099
-1.53054548384
-1.67302359085
-1.6069352465
-1.38783625731
-1.44086956522
-1.54867847062
-1.44183440242
-1.50093299406
-1.30475589226
-1.41716350497
-1.17265873016
-1.3773204716
-1.37935291613
-1.2772192029
-1.27224287484
-1.30862899693
-1.31075626525
-1.33483918129
-1.2865924975
-1.51698779705
-1.40384494664
-1.45253639847
-1.57868376068
-1.33139296084
-1.62976873587
-1.54625735235
-1.56507718172
-1.30839996954
-1.67245149912
-1.55231213873
-1.93593466425
-1.16298416333
-1.16848878695
-1.80118671643
-1.42435927216
-1.48901724829
-1.36015936255
-1.46144452478
-1.2070952852
-1.29656893325
-1.44103451116
-1.46282598388
-1.38000892459
-1.6803534499
-1.54325992659
-1.57535802469
-1.38249871314
-1.27013933548
-1.39735031474
-1.31397260274
-1.53614691264
-1.42894736842
-1.46433577447
-1.50212019767
-1.63783734994
-1.43745457357
-1.50476424764
-1.27467683831
-1.15044685301
-1.29503968254
-1.46509539843
-1.50195601006
-1.55843232323
-1.50965762274
-1.45329453026
-1.69967984934
-1.37831827658
-1.36098732088
-1.44624323464
-1.55372144436
-1.98773262856
-1.28373356833
-1.21560255908
-1.45077753606
-1.44758879114
-1.41312169312
-1.36046736623
-1.37651912454
-1.41333018571
-1.18495266567
-1.29978589886
-1.75574597734
-1.48525225427
-1.55921549319
-1.496747371
-1.45533553355
-1.48245991864
-1.58401654081
-1.44615506454
-1.43315092394
-1.51848672707
-1.40021786492
-1.32366774542
-1.44079433993
-1.27560615644
-1.38560437935
-1.29914421998
-1.21072889425
-1.65094637224
-1.52539561648
-1.2285959356
-1.51735125716
-1.4947678703
-1.34193025142
-1.29439297234
-1.49759851175
-1.33790426908
-1.34797438189
-1.62351836198
-1.53775261461
-1.71698891467
-1.73622313672
-1.45315996848
-1.38544542033
-1.24495346131
-1.37676190476
-1.42241353937
-1.40079026395
-1.36604896926
-1.72405132405
-1.42220647295
-1.48630824373
-1.39711853307
-1.67018547409
-1.48453867295
-1.68063439065
-1.32978832491
-1.28331220955
-1.57834621192
-1.43165545504
-1.60340012143
-1.36907949474
-1.63566993464
-1.02769432523
-1.39880758808
-1.4282450675
-1.25553463068
-1.38463631157
-1.07257153271
-1.36620093147
-1.28346918347
-1.72328042328
-1.18696994096
-1.3423349227
-1.42368276404
-1.68646745664
-1.72742046011
-1.35278744298
-1.28316900916
-1.41918252914
-1.35858656151
-1.31815751594
-1.47645169261
-1.52601688411
-1.35031674852
-1.37161290323
-1.67623708537
-1.57720625315
-1.26022988506
-1.47332395687
-1.56302751553
-1.54606965174
-1.3568463513
-1.38621226268
-1.3035274473
-1.44514243974
-1.49949278808
-1.37892004154
-1.70381973069
-1.4688143415
-1.24544260573
-1.46285169289
-1.39539443684
-1.42286634461
-1.35807098765
-1.33772472738
-1.34163490047
-1.41455733809
-1.23472137585
-1.52854903902
-1.31849443722
-1.69481481481
-1.22518156519
-1.43706366323
-1.31425961065
-1.20403410272
-1.82123032904
-1.1637067131
-1.26688333672
-1.12109891521
-1.44510848583
-1.30361307863
-1.53520157325
-1.88955133996
-1.2660130719
-1.33207301173
-1.52289198008
-1.26881166881
-1.53154639175
-1.50336174242
-1.43299945648
-1.19878306878
-1.4799938655
-1.54540049811
-1.46057624736
-1.40289535567
-1.21123960235
-1.43888888889
-1.45579727095
-1.43185840708
-1.48053196053
-1.90278795279
-1.48098290598
-1.53517973856
-1.45389765662
-1.3533833512
-1.43174172135
-1.31169132579
-1.90220928979
-1.34048915016
-1.48485283561
-1.22791210305
-1.54757834758
-1.28934676435
-1.35582901554
-1.42800990405
-1.42273662551
-1.51963355186
-1.38440519324
-1.72899641577
-1.34961787184
-1.31893059279
-1.65816675671
-1.77152838428
-1.28490102586
-1.40297350731
-1.55619772999
-1.42545890462
-1.35382013383
-1.37934382586
-1.2917788425
-1.34711638559
-1.83649247121
-1.3966728567
-1.53341174626
-1.46729514141
-1.67459942212
-1.52862145813
-1.31749424775
-1.41345832425
-1.35869581549
-1.42200810583
-1.43340624089
-1.43488141539
-1.66080270384
-1.28028820629
-1.3297999708
-1.47764451108
-1.45931445604
-1.68354246227
-1.34621097411
-1.42934332787
-1.5745799458
-1.51693635383
-1.56159872102
-1.0571930485
-1.48387753504
-1.39281960175
-1.56849777778
-1.18756089423
-1.29077190171
-1.30393518518
-1.37405649717
-1.2280938334
-1.50635734636
-1.67570621469
-1.26064646465
-1.36461833186
-1.27266565722
-1.65734190782
-1.71557788945
-1.58710519447
-1.35858656151
-1.47235568902
-1.3999695586
-1.61833500167
-1.19376788967
-1.21310989972
-1.39579489737
-1.50631472397
-1.66136546185
-1.49737545183
-1.31508472035
-1.27514983864
-1.25076417102
-1.50201573255
-1.24093700538
-1.78355746304
-1.39557566616
-1.46410130719
-1.23487904623
-1.43325419437
-1.37753034872
-1.38495259765
-1.47521367521
-1.80834521433
-1.31602805463
-1.35738688827
-1.15575803594
-1.83800549666
-1.51461308803
-1.47869966036
-1.3593114241
-1.43451768739
-1.42178679729
-1.23831727681
-1.41384580805
-1.36106181267
-1.57106918239
-1.44953063663
-1.27750575434
-1.2710749548
-1.32419031835
-1.78690609802
-1.37488574211
-1.62192079042
-1.76326000186
-1.69233350998
-1.43244087461
-1.6804536594
-1.47480438185
-1.40148439205
-1.38096508784
-1.67724693392
-1.49532647772
-1.25494117647
-1.3687140255
-1.53935855124
-1.43497544506
-1.37832348037
-1.47270428323
-1.60331648488
-1.3204838476
-1.4416288873
-1.30423967567
-1.39871674491
-1.15848525555
-1.5921071557
-1.39790759832
-1.637158755
-1.95761353517
-1.2024431449
-1.70492628551
-1.24783715013
-1.49009009009
-1.49291135398
-1.37305536875
-1.51482582136
-1.65123839009
-1.39238314176
-1.42812355924
-1.51385601578
-1.41518087855
-1.82454277286
-1.46598859609
-1.27739167739
-1.45053358443
-1.59611684759
-1.20889942075
-1.40234482759
-1.51669693039
-1.45544973545
-1.31824381927
-1.42766823161
-1.51100346021
-1.55741978058
-1.6168329496
-1.38786717752
-1.49690586987
-1.43850501983
-1.56085688089
-1.27341093474
-1.24275668073
-1.38609787459
-1.22797460317
-1.29317251462
-1.25361198189
-1.54194041253
-1.2258164018
-1.37179661017
-1.32786837718
-1.45371841155
-1.41221291124
-1.47239404353
-1.59423552486
-1.54231424676
-1.40385674931
-1.24435073628
-1.58585526316
-1.17769328264
-1.47887067395
-1.77274526435
-1.46193104552
-1.42316498316
-1.3600323982
-1.45326383718
-1.61998236332
-1.2790466176
-1.45277589454
-1.25465545226
-1.25047244638
-1.70928315412
-1.6491991992
-1.46498559078
-1.67499129223
-1.50017144257
-1.34173569137
-1.26433770015
-1.21734513274
-1.15294495885
-1.28157596372
-1.38329331296
-1.48574074074
-1.38597425655
-1.40618885097
-1.32900546448
-1.46519677572
-1.2655869892
-1.61956447188
-1.40226880024
-1.49585996956
-1.42182596291
-1.4237526783
-1.16966227819
-1.07729416032
-1.50097352965
-1.72425665102
-1.61850145076
-1.31853782121
-1.27778469197
-1.19329638427
-1.36612214864
-1.38774111271
-1.42669358457
-1.53451553638
-1.25054811206
-1.3711882716
-1.33807519641
-1.47550848882
-1.40639752923
-1.41392985906
-1.33015214384
-1.5429481057
-1.68769997377
-1.32334455668
-1.18460354119
-1.457489301
-1.75809635493
-1.53108504399
-1.45790038314
-1.65172058134
-1.42045258789
-1.38421965754
-1.47666587809
-1.56589494648
-1.4839944157
-1.66544155181
-1.36262129288
-1.65383111111
-1.20474287237
-1.35546777851
-1.60875010578
-1.48061432377
-1.52421313507
-1.74895833333
-1.53428285857
-1.45779036827
-1.33532763533
-1.59104111986
-1.31104323627
-1.52662835249
-1.6943385805
-1.35665995075
-1.34198321241
-1.4236347212
-1.1812513078
-1.40166415609
-1.50528936974
-1.1111497137
-1.26096545984
-1.32528761226
-1.3584791436
-1.57384641013
-1.19051671733
-1.37878183832
-1.34372255712
-1.55577574526
-1.57930234485
-1.31556709208
-1.27480620155
-1.74349525405
-1.49119352869
-1.65153454784
-1.66715932084
-1.43212689902
-1.54523809524
-1.37508235999
-1.41418597742
-1.481256182
-1.40295862798
-1.41944643854
-1.53093918213
-1.54407082521
-1.2708315863
-1.2739928228
-1.19079383655
-1.51415438263
-1.44095798979
-1.54156637014
-1.28767915845
-1.50025801082
-1.51656799657
-1.42443273313
-1.50860675226
-1.38365783095
-1.51322989656
-1.36173484189
-1.38749280368
-1.75946138755
-1.67916444444
-1.41465653688
-1.25961566248
-1.48041289023
-1.32330816253
-1.35044299201
-1.66763923296
-1.52206868687
-1.4462962963
-1.60965088956
-1.46295776843
-1.33091881732
-1.3302481556
-1.32536873156
-1.12052259118
-1.18588657942
-1.43228974831
-1.54722606424
-1.46454469507
-1.32332827297
-1.31062352246
-1.49948169744
-1.53902053712
-1.55302348826
-1.35021324355
-1.35886332882
-1.63995939461
-1.4429444852
-1.44412490922
-1.24590120514
-1.34254454055
-1.29083102127
-1.59996620194
-1.40150909898
-1.36205391928
-1.18570975316
-1.2582982983
-1.39491094148
-1.45037145889
-1.36377952756
-1.65092153765
-1.36699656068
-1.3910114057
-1.55759458383
-1.31550925926
-1.27105371054
-2.08922815946
-1.25542151675
-1.47809146442
-1.73341009403
-1.25585913783
-1.45051215889
-1.53647621488
-1.5105022831
-1.36240789861
-1.25294519612
-1.79851851852
-1.30331135219
-1.16744515216
-1.42911451089
-1.35555555556
-1.66189975464
-1.41523668639
-1.32387435297
-1.31383279044
-1.35206547757
-1.40448040758
-1.28727112288
-1.37448888889
-1.18399462907
-1.78056261172
-1.61014761778
-1.57446843716
-1.30694091038
-1.73787524366
-1.35068768351
-1.12379943503
-1.28068212097
-1.43366225431
-1.51933185949
-1.27599948079
-1.25120138059
-1.29078661452
-1.12107014849
-1.38544921159
-1.65956766759
-1.55924272487
-1.47508856683
-1.72856301531
-1.4076408787
-1.30554451071
-1.32521839578
-1.26917517007
-1.17898965949
-1.17240566038
-1.59206741779
-1.3140625
-1.15935983209
-1.24098233763
-1.56288117771
-1.44992300835
-1.58953350297
-1.53420282585
-1.54477901039
-1.20038336969
-1.58829302489
-1.57197758207
-1.668
-1.35693389592
-1.2456743536
-1.38401453224
-1.47181667848
-1.3194897343
-1.23656672546
-1.45793366738
-1.29680538041
-1.16752330562
-1.36051960102
-1.40332533973
-1.5602465578
-1.43596713507
-1.27890074632
-1.53964876731
-1.37570546737
-1.39595817728
-1.36539185861
-1.34899154196
-1.19827734711
-1.63789308176
-1.64020100502
-1.42396425055
-1.55262896825
-1.4046966115
-1.32519427403
-1.48153233325
-1.5594966054
-1.41370217955
-1.22268961122
-1.47626413839
-1.65897365782
-1.30025582521
-1.42483298779
-1.50539866441
-1.31475227573
-1.57070786419
-1.33902840381
-1.54035885772
-1.43457664463
-1.5754020202
