0.11425
0.0
0.0
0.0
0.0005
0.00325
0.006
0.01
0.0005
0.007
0.01025
0.00975
0.0085
0.00825
0.01425
0.00975
0.01325
0.00625
0.00125
0.005
0.01575
0.00825
0.008
0.009
0.01125
0.0045
0.0065
0.02625
0.004
0.00875
0.00675
0.012
0.01225
0.01825
0.008
0.005
0.0075
0.00825
0.0025
0.02875
0.005
0.001
0.03975
0.0055
0.00975
0.00475
0.00075
0.009
0.025
0.0105
0.00525
0.011
0.016
0.035
0.00725
0.0205
0.00675
0.0225
0.01425
0.00625
0.017
0.01725
0.00375
0.0165
0.011
0.00775
0.00675
0.012
0.0295
0.0105
0.0
0.005
0.05875
0.0025
0.01025
0.00925
0.03375
0.00025
0.002
0.01975
0.0
0.006
0.0065
0.01525
0.0085
0.0195
0.01625
0.0005
0.02425
0.02
0.007
0.031
0.00475
0.00925
0.00125
0.03025
0.001
0.005
0.0185
0.00175
0.02575
0.015
0.0035
0.027
0.00975
0.0095
0.01625
0.0035
0.00475
0.0275
0.00675
0.00375
0.03575
0.00775
0.0025
0.003
0.025
0.025
0.0225
0.0065
0.02425
0.0255
0.0075
0.0345
0.014
0.0285
0.00125
0.01025
0.0195
0.003
0.00625
0.0275
0.00575
0.04225
0.00025
0.0105
0.02675
0.00475
0.01875
0.014
0.00125
0.00725
0.0235
0.00775
0.01925
0.00675
0.0055
0.006
0.01025
0.027
0.02675
0.0015
0.024
0.02075
0.005
0.0065
0.001
0.042
0.02875
0.00075
0.00325
0.01075
0.024
0.00525
0.018
0.0425
0.0005
0.0015
0.0185
0.01075
0.027
0.03125
0.0
0.0
0.00975
0.047
0.0
0.001
0.0005
0.0695
0.0
0.0
0.0
0.017
0.0005
0.001
0.0265
0.00075
0.00725
0.006
0.012
0.0445
0.0
0.02025
0.00675
0.01925
0.0025
0.003
0.02025
0.00225
0.03975
0.0
0.001
0.01675
0.002
0.011
0.04475
0.00025
0.0
0.01175
0.0095
0.01575
0.04125
0.00025
0.00725
0.0085
0.00025
0.036
0.012
0.00125
0.0115
0.01275
0.01725
0.00125
0.02325
0.00025
0.004
0.00175
0.01025
0.033
0.008
0.0045
0.04325
0.001
0.0
0.014
0.00275
0.059
0.0
0.0
0.00075
0.00425
0.04125
0.0005
0.0025
0.0415
0.00025
0.00125
0.028
0.0
0.00775
0.0465
0.0
0.0
0.00325
0.072
0.0
0.00025
0.0075
0.0
0.0585
0.0
0.00275
0.004
0.03625
0.00075
0.00375
0.02725
0.015
0.00825
0.0055
0.00925
0.00525
0.0085
0.02625
0.0005
0.00025
0.0395
0.0005
0.00125
0.0325
0.0015
0.0445
0.0
0.0
0.0
0.0045
0.0615
0.0
0.0
0.0005
0.06075
0.0
0.0
0.0005
0.00025
0.01375
0.01425
0.00075
0.01075
0.00225
0.024
0.0
0.0005
0.07575
0.0
0.0
0.00025
0.0225
0.00075
0.001
0.0385
0.0
0.0
0.05275
0.0
0.0
0.0
0.00125
0.05825
0.0
0.0005
0.00025
0.07575
0.0
0.0
0.00125
0.00375
0.0475
0.0
0.0
0.0
0.0025
0.06
0.0
0.0
0.037
0.0
0.0
0.0155
0.0005
0.02775
0.0035
0.0
0.049
0.0
0.0
0.004
0.00075
0.038
0.0
0.0
0.0
0.0015
0.001
0.12425
0.0
0.0
0.0
0.0
0.0
0.0
0.00075
0.0765
0.00025
0.0
0.00025
0.001
0.0005
0.03325
0.001
0.016
0.0015
0.00575
0.0675
0.0
0.0
0.0
0.0
0.00025
0.0865
0.0
0.0
0.0
0.0
0.0045
0.06775
0.00125
0.0
0.0
0.0025
0.04125
0.0
0.001
0.022
0.00175
0.0
0.08025
0.0
0.0
0.00025
0.0
0.00225
0.0275
0.0
0.00175
0.02825
0.0
0.0
0.03225
0.001
0.04325
0.0
0.00025
0.005
0.0045
0.0065
0.0375
0.0
0.00025
0.02425
0.00175
0.0
0.04575
0.0
0.0
0.0
0.0
0.00125
0.066
0.0
0.0
0.0
0.00025
0.0025
0.087
0.0
0.0
0.00025
0.0
0.0025
0.025
0.0
0.00125
0.0315
0.0015
0.0
0.00025
0.03025
0.0
0.004
0.01825
0.01575
0.00025
0.05325
0.0
0.00025
0.00125
0.0
0.0395
0.0
0.00125
0.02775
0.0
0.00125
0.00025
0.1065
0.0
0.0
0.0
0.0
0.0
0.0
0.03275
0.0065
0.00325
0.0065
0.13025
0.0
0.0
0.0
0.0
0.0
0.0
0.0
0.0
0.14675
0.0
0.0
0.0
0.0
0.0
0.0
0.0
0.00125
0.098
0.0
0.0
0.0
0.0
0.021
0.00025
0.0
0.0385
0.0
0.0
0.00875
0.0
0.13125
0.0
0.0
0.0
0.0
0.0
0.00025
0.0
0.0775
0.0
0.0
0.0
0.0
0.0
0.0
0.0565
0.00125
0.002
0.0
0.08175
0.0
0.00025
0.001
0.0
0.06025
0.0
0.0
0.0
0.0
0.0
0.0825
0.0
0.0
0.0
0.0
0.00025
0.0005
0.057
0.0
0.00025
0.033
0.0
0.001
0.002
0.101
0.0
0.0
0.0
0.0
0.0
0.0
0.00125
0.069
0.0
0.0
0.00025
0.0
0.0035
0.051
0.0
0.0
0.0
0.0
0.047
0.0
0.0
0.0
0.0
0.02475
0.024
0.0
0.04525
0.0
0.0
0.00075
0.00325
0.02325
0.0
0.00075
0.0075
0.00825
0.00875
0.003
0.0105
0.005
0.03375
0.00075
0.05975
0.0
0.0
0.00025
0.00075
0.02
0.0
0.00025
0.13
0.0
0.0
0.0
0.0
0.0
0.0
0.0
0.0925
0.0
0.0
0.00025
0.0
0.0
0.06575
0.0
0.0
0.0
0.00025
0.027
0.00025
0.0
0.0955
0.0
0.0
0.0
0.00025
0.002
0.00875
0.03875
0.0
0.00075
0.0615
0.0
0.0
0.0055
0.00225
0.00125
0.12175
0.0
0.0
0.0
0.0
0.0
0.0
0.00025
0.02975
0.00425
0.0
0.0
0.0
0.05725
0.0
0.00025
0.00025
0.061
0.0
0.0
0.0
0.0
0.07725
0.0
0.0
0.00075
0.0
0.02025
0.0005
0.029
0.00025
0.0
0.03075
0.0
0.0
0.0025
0.0355
0.0
0.00025
0.06225
0.0
0.0
0.0
0.0
0.0275
0.0015
0.0425
0.0
0.0
0.06075
0.0
0.0
0.0
0.0
0.0
0.0
0.02075
0.0475
0.0
0.00025
0.0
0.0
0.018
0.00075
0.04275
0.0
0.0
0.0
0.05025
0.0
0.0005
0.00075
0.00025
0.00075
0.0535
0.0
0.0
0.00025
0.02975
0.0
0.001
0.01525
0.0
0.011
0.00075
0.087
0.0
0.0
0.00025
0.0
0.0005
0.0005
0.00825
0.07275
0.0
0.0
0.0
0.0
0.001
0.0285
0.0005
0.00475
0.08775
0.0
0.0
0.00075
0.0
0.0
0.0735
0.0
0.0
0.0
0.00025
0.00025
0.047
0.00025
0.00075
0.0
0.05125
0.0
0.04475
0.0
0.00075
0.0005
0.04175
0.0
0.00075
0.0005
0.004
0.0
0.03875
0.001
0.001
0.06025
0.0
0.0
0.0
0.0
0.00075
0.00125
0.0315
0.0
0.0
0.0015
0.01575
0.03375
0.0
0.0
0.0015
0.02675
0.0
0.01325
0.0
0.0
0.05575
0.0
0.0
0.00325
0.0845
0.0
0.0
0.0
0.0
0.0385
0.00075
0.0
0.02975
0.0
0.0
0.00025
0.0865
0.0
0.0
0.0
0.001
0.05875
0.0
0.0005
0.00075
0.004
0.00025
0.034
0.0
0.006
0.0425
0.0
0.00275
0.024
0.0
0.0
0.011
0.0125
0.0065
0.02825
0.0
0.00025
0.00025
0.0015
0.07175
0.0
0.0
0.0
0.008
0.0
0.02325
0.0
0.00175
0.0795
0.0
0.0
0.0
0.00425
0.01175
0.0255
0.0
0.0
0.023
0.0005
0.05225
0.00025
0.00075
0.0
0.07675
0.0
0.0
0.0
0.0
0.042
0.0
0.0
0.00125
0.069
0.0
0.0
0.0
0.001
0.0495
0.0
0.0
0.0
0.00025
0.00025
0.0175
0.001
0.04275
0.01125
0.0
0.0
0.0015
0.08525
0.00025
0.0
0.0
0.0005
0.00075
0.05975
0.0
0.0
0.0
0.00075
0.03525
0.0005
0.05075
0.0
0.0
0.00175
0.00275
0.059
0.0
0.0
0.0
0.001
0.06825
0.0
0.0
0.0
0.0
0.0
0.00325
0.0885
0.0
0.00025
0.0015
0.03425
0.0
0.0
0.00475
0.0
0.004
0.0115
0.0075
0.021
0.00725
0.0
0.0
0.016
0.01375
0.0
0.02025
0.0
0.0005
0.0465
0.0
0.001
0.03725
0.0
0.0
0.002
0.00875
0.0355
0.001
0.0
0.04475
0.0
0.0
0.0
0.0
0.0615
0.00125
0.00075
0.00025
0.02325
0.00025
0.0395
0.0
0.0
0.001
0.0785
0.0
0.0
0.0025
0.01175
0.01425
0.005
0.04125
0.00025
0.0
0.00075
0.0
0.09975
0.00025
0.0
0.0
0.0
0.0
0.045
0.0
0.0
0.0
0.08
0.0
0.0
0.0
0.00025
0.0
0.0
0.1035
0.0
0.0
