1.03414516576
1.03401572837
1.03403684061
1.03383323101
1.03430298883
1.03604210502
1.03889330409
1.04239416694
1.04303863207
1.04584557642
1.04997686517
1.05378736324
1.05743258739
1.06059741362
1.06592572839
1.07023960677
1.07505782086
1.07775253388
1.07833366589
1.08040597841
1.08620457431
1.08883101036
1.09144063824
1.09515920357
1.09899921906
1.10050102658
1.10348794709
1.1122229367
1.11387133657
1.11752295909
1.11965776819
1.12319617059
1.12776647008
1.13379375126
1.13673368999
1.13816192499
1.14077768927
1.14397165269
1.14453190541
1.15344066515
1.15506361665
1.15510866164
1.1674186518
1.16873415326
1.17236074442
1.17357428582
1.17410653425
1.176799331
1.18402094213
1.18695862257
1.1886066294
1.19211104923
1.19664714163
1.20736201697
1.20918816889
1.21497531154
1.21682973076
1.2235993324
1.22735033853
1.22875903306
1.2338986042
1.23908342171
1.23974786943
1.24421881346
1.24687853026
1.24824762598
1.24997866286
1.25296570631
1.26088081517
1.26297824979
1.26230207311
1.26274959858
1.27919632335
1.27864821827
1.2810176853
1.28299490694
1.29260322954
1.29145095884
1.29120400567
1.29612195797
1.29472471459
1.29535196217
1.29657680334
1.30040968191
1.30198036352
1.30682594143
1.31105695964
1.31009198639
1.31653023609
1.32152047819
1.32281386574
1.33091406605
1.33058102187
1.33211343483
1.33147359741
1.33919126076
1.33798536444
1.33858153705
1.34289570493
1.3424151344
1.34857314985
1.35202649464
1.35141657119
1.35851103842
1.36010231521
1.36146202856
1.36527647038
1.36473903685
1.36449932031
1.37182679667
1.37222194233
1.37194174794
1.38138505639
1.38201739322
1.38092961318
1.38014622998
1.3859344788
1.39200282333
1.39736927591
1.39745723278
1.40307554661
1.40926754484
1.40988492581
1.41837346221
1.42065425442
1.42727966341
1.42532222359
1.42674529147
1.43038416439
1.42930595243
1.42943212611
1.43592047693
1.43555562055
1.44612085008
1.44397545471
1.44513005139
1.4513751764
1.45062065231
1.45421169906
1.45650743549
1.45429966025
1.4544255546
1.45971378975
1.45988056565
1.46371837489
1.46370606485
1.46302842891
1.46287508905
1.46384108907
1.46943099245
1.47516156077
1.47314304966
1.47777823499
1.48149791212
1.48056092659
1.4801502842
1.47810179441
1.48829716424
1.49451716023
1.49208162905
1.4904831736
1.49114180598
1.49583366981
1.49556094739
1.49849378465
1.50863479952
1.50589154356
1.50361370898
1.50672312623
1.50743041186
1.51282928271
1.51942854006
1.51639587357
1.5134561912
1.51404780078
1.5256236461
1.52262887482
1.52010098467
1.51751225299
1.53572053946
1.53259066016
1.52955430167
1.52661103962
1.52930175414
1.52650932902
1.52395806878
1.52895310033
1.52631311996
1.52562800342
1.52473012687
1.52577821265
1.53606697803
1.5328602061
1.53596740254
1.53507493692
1.53817054731
1.53622261991
1.5342129613
1.53766262682
1.53564220182
1.54463267886
1.54144962161
1.53880986387
1.54127762532
1.5387858456
1.53915896464
1.54969915752
1.54663541078
1.5433654181
1.54401114267
1.54435021951
1.54624577459
1.55567920365
1.55250502071
1.55166743474
1.55136015115
1.54836099637
1.55604505555
1.55683067961
1.55402384495
1.55445039608
1.5553877597
1.55752078066
1.55470889805
1.55879117084
1.5557468911
1.5538448326
1.55172973645
1.55195072066
1.55903557553
1.55838756049
1.55676750578
1.56640901593
1.56339569184
1.56010034861
1.56130859289
1.55907386969
1.57360517276
1.57017384599
1.56683786577
1.56382112237
1.56186721758
1.57088373401
1.56769260958
1.56541689282
1.57489317223
1.57175353385
1.56900563405
1.57433614791
1.57105017868
1.57009927829
1.5809051502
1.57743015471
1.57412572204
1.57181443815
1.5900271158
1.58657221564
1.58351199496
1.582564014
1.57922848888
1.59365844477
1.59033164188
1.58784854962
1.58605227835
1.5935442339
1.59036779938
1.58825973902
1.59303533899
1.59435374614
1.59348550643
1.59195237388
1.59148179771
1.58988942364
1.58927326845
1.59383555703
1.59073154964
1.58742241273
1.59578627431
1.592447057
1.58935297241
1.59597495085
1.59300933497
1.60291200724
1.59938018615
1.59579467234
1.59223060719
1.59033676193
1.6052399601
1.60161939291
1.59809512493
1.59496588403
1.60972940432
1.6060819811
1.60253121957
1.59945037329
1.59608865371
1.59700195391
1.59815330667
1.59509860499
1.59528005559
1.59269272109
1.59669337808
1.59312393684
1.58987562341
1.60908172001
1.60543817127
1.60196626095
1.59858973783
1.60182608208
1.59867488069
1.59554185691
1.6039577043
1.6003448076
1.59690302931
1.60917537622
1.60553126722
1.60198391243
1.59838282302
1.595253118
1.60945480405
1.60580902351
1.60240975985
1.59895571856
1.61830203288
1.6146783054
1.61107616526
1.60809328323
1.60610012194
1.61680597009
1.61311621461
1.60944853137
1.60587745161
1.60337750911
1.61791739451
1.61451995759
1.61091883212
1.61855449514
1.61485427992
1.61117619951
1.6124593563
1.60916880678
1.61396408245
1.61156190328
1.60805315843
1.6194415708
1.61573604906
1.61212764889
1.61003944029
1.60683850119
1.61475632611
1.61122844986
1.60764699183
1.60401202568
1.60114610956
1.59822256219
1.6320744463
1.62829335424
1.62453488081
1.6207988907
1.61708524942
1.61346862105
1.60979882971
1.60652502494
1.62603404665
1.62251375141
1.61878985177
1.61531318365
1.61208071858
1.60871866781
1.6156238903
1.61246423122
1.61395727804
1.61088332732
1.60947002104
1.62603349231
1.62228853745
1.61856598505
1.61486570109
1.61133703584
1.60782936704
1.63032159869
1.62655099223
1.62280294167
1.6191521323
1.61574737622
1.6140088754
1.63092146756
1.62766989348
1.62391514961
1.62018286676
1.61752041673
1.62633558039
1.62258881843
1.61953747124
1.62287052538
1.61996643821
1.61648176672
1.63683160055
1.63302205102
1.62938486395
1.62591891809
1.62232428916
1.61957232466
1.62460489328
1.62086848435
1.61797514095
1.62309757573
1.61937018363
1.61566508893
1.62174874263
1.61862777949
1.62809283699
1.62441036084
1.62089946428
1.61883196211
1.61670337855
1.6154036418
1.62311278466
1.6194600545
1.61612778357
1.62030832108
1.61726978562
1.61357725558
1.6238808324
1.62014875483
1.61651359878
1.61282559227
1.6093839288
1.60633556483
1.62246998633
1.6187463485
1.6150449856
1.61151544972
1.60815678035
1.60556552998
1.62805068524
1.62429366347
1.62055911633
1.61699650494
1.61330560967
1.6105334702
1.61465195283
1.61104985809
1.60799224567
1.61384724151
1.61077435354
1.60734516285
1.60408552094
1.60974240932
1.6062445044
1.60411570285
1.60663225177
1.60794881315
1.60453598649
1.61700404699
1.61331310661
1.609868594
1.60696903483
1.60348736119
1.61196603181
1.6083801166
1.60541367572
1.61061516697
1.60703713075
1.60385345651
1.60061465728
1.62910906175
1.62534570873
1.62160486822
1.61803600121
1.61433888764
1.610813374
1.6072341297
1.61363576128
1.61206211456
1.60967236771
1.60842310565
1.64405448292
1.64020172585
1.63637201612
1.63256521584
1.62878118798
1.62501979631
1.62135565833
1.61763868645
1.6140185681
1.65465609904
1.65073992273
1.64684717312
1.64297771008
1.6391313943
1.63530808733
1.63150765151
1.6278045909
1.62472094366
1.6503679911
1.64647746639
1.64268481104
1.6388402474
1.63516812065
1.63773035077
1.63436405466
1.6307937044
1.63867110339
1.63485054989
1.63112758157
1.63019325914
1.62642342041
1.6621218334
1.65816099679
1.65422385405
1.65031026344
1.64649479213
1.64270205552
1.63900669284
1.6354833905
1.65502765427
1.6511092553
1.64721429633
1.64334263714
1.63949413836
1.63574336951
1.63194032982
1.64525297785
1.64184172581
1.63882417481
1.63515268314
1.65582667102
1.6519034923
1.64815355735
1.64472419183
1.64101702419
1.65547038175
1.65154933436
1.64772658549
1.64385186177
1.64007520437
1.63639586952
1.65752325833
1.65358993057
1.64968013211
1.64579372221
1.64193056095
1.63831539679
1.63472179121
1.64800734523
1.64420567248
1.64065158393
1.64698575846
1.64326530902
1.6399398042
1.63685898859
1.66339913552
1.65943065804
1.65548592014
1.65156477981
1.64766709587
1.64394268304
1.64009059476
1.63693358682
1.65409433595
1.65025643018
1.64636657284
1.64279877272
1.63895352736
1.63655197577
1.64833235896
1.64452874197
1.64074812537
1.63713960799
1.63332821595
1.64392134564
1.640069385
1.63624046693
1.63265886941
1.62887428131
1.63273325102
1.63642402524
1.63261691385
1.64269323042
1.63892357142
1.63510150765
1.63167647611
1.62924356458
1.63248897837
1.62870540657
1.62554233533
1.62411916178
1.62300939976
1.62204565816
1.61929708682
1.61903122293
1.61704715931
1.62360502946
1.62017343404
1.63439344857
1.63059848415
1.62682622135
1.6233008956
1.62002132165
1.62243476398
1.61878615706
1.6154583207
1.65113767416
1.64724254519
1.64337071702
1.63952205026
1.63569640637
1.63196858015
1.62818812138
1.62443027746
1.64855118512
1.64467152862
1.64096456379
1.63735481905
1.63361713961
1.62982681911
1.64596175408
1.64209758765
1.6382565368
1.63443846325
1.63086804968
1.63531692713
1.63174067538
1.62803651248
1.65295087152
1.64904489594
1.64516228604
1.64130290205
1.63761626792
1.6347755641
1.63374991923
1.64161987689
1.63778168372
1.63434095648
1.64902335344
1.64521578246
1.64135607846
1.63923972238
1.63616387977
1.63303222304
1.6659337601
1.66195012041
1.65799031099
1.65420360561
1.65036511363
1.64654931421
1.64283120622
1.63921031729
1.64459901467
1.64231251991
1.63861993603
1.63479968862
1.63115191209
1.64475369302
1.64104614698
1.637436206
1.63392250047
1.64840841011
1.64452960769
1.64074900841
1.63691602481
1.63310597026
1.65265157452
1.64882232187
1.64494104342
1.64145751081
1.63776997432
1.64047059939
1.63693912383
1.64202849889
1.63833779385
1.63451923422
1.64008961165
1.63633530307
1.6326033185
1.6296423994
1.63662382685
1.63296482443
1.62932795677
1.64439750763
1.64054269858
1.63671094913
1.63305194151
1.6293396877
1.63400838844
1.63103697917
1.64059024402
1.63675821015
1.63302369574
1.64774942083
1.64387456051
1.64002287975
1.63626903765
1.63246285339
1.62867943787
1.6251430708
1.62812629802
1.63882352224
1.63500205697
1.63135333938
1.62757656101
1.62397224053
1.62601209997
1.62286570075
1.6320892068
1.62830802645
1.62454946525
1.62088823056
1.63231980299
1.62861201853
1.62507574064
1.62163624521
1.61814158462
1.61504237898
1.62739256305
1.62363947818
1.62005870947
1.61664855289
1.6222160353
1.61849391661
1.61524202094
1.61619040713
1.61257899723
1.61250892967
1.60914333075
1.63165835887
1.62787975586
1.62419871161
1.62068921577
1.61705098348
1.61365935768
1.61051169621
1.60984700048
1.62806705693
1.62430993722
1.62057529274
1.61686298903
1.61332244356
1.61017756012
1.61541184788
1.61202975787
1.6099386995
1.63278477789
1.6289994366
1.62531167189
1.62187036075
1.61822488362
1.61467605629
1.63315995095
1.62937236536
1.62560743725
1.62201433521
1.61851826567
1.61504306481
1.62561117249
1.62201860903
1.61882141338
1.61519444411
1.62705616507
1.62330509255
1.63299881086
1.62921218922
1.62574734307
1.6223032014
1.63139364404
1.62769137747
1.62430997852
1.62080008643
1.61843356114
1.61480879983
1.62299759045
1.6197934398
1.61646027356
1.63110962328
1.62733430283
1.62373102746
1.62007471115
1.6164400428
1.61342498389
1.610279487
1.61634503762
1.61280752293
1.6091416863
1.60609721664
1.60747812815
1.61441370808
1.6107382632
1.60708480495
1.60405214546
1.60858166178
1.60494110441
1.60566169587
1.60203860583
1.59858691973
1.61205759889
1.6085461134
1.60490576868
1.60241017745
1.62456789082
1.62090641131
1.61719212684
1.61350006135
1.60983008193
1.61787643355
1.61462816491
1.61095143713
1.61659168838
1.61290321473
1.60938669323
1.60589093811
1.62847268631
1.62471314011
1.62105072452
1.61741055426
1.61424123866
1.62817441278
1.62441665086
1.62098035739
1.61786336247
1.61551139956
1.61197889406
1.61884200851
1.61521491604
1.61370413297
1.62281020944
1.61908453638
1.61642984625
1.62016012249
1.61659978588
1.61291126379
1.61291151401
1.61313977143
1.61171785637
1.61664756859
1.61295876067
1.60981495411
1.60639154721
1.60366092482
1.62199000465
1.61826923808
1.61464534775
1.61104344971
1.60986082695
1.60621261756
1.60998493774
1.60641091845
1.60345688575
1.62392787485
1.62019551587
1.61663539404
1.61294665894
1.61077763028
1.61101867618
1.61534384883
1.61166283981
1.60807878325
1.61147404282
1.60826432002
1.62038957932
1.61682780269
1.61358677102
1.61006584629
1.62971959715
1.62602750194
1.62258190935
1.61900708552
1.61545387071
1.62481122964
1.62107358641
1.61743316701
1.61426459213
1.63150565924
1.62772796968
1.62397287841
1.62024025022
1.61720328813
1.62856500038
1.62487949804
1.6212910649
1.61757447941
1.61402958765
1.61065542993
1.61275929943
1.60954336907
1.61880457816
1.61855261947
1.61485241547
1.61124921134
1.60856511296
1.63075612676
1.62713276352
1.62338123279
1.61972696406
1.61639392604
1.61337972701
1.62798838923
1.62423174011
1.6204975634
1.61678572467
1.61361987723
1.62071281529
1.6172988128
1.62904140556
1.62527845726
1.62161281683
1.61871768897
1.61591553055
1.63009527533
1.62632602275
1.62272864451
1.61900345937
1.61589858211
1.6328607521
1.62907495633
1.62531180733
1.62157116962
1.61785290854
1.61430653066
1.61175436723
1.63478960405
1.63099226982
1.62744235917
1.62443753909
1.63127225421
1.62757060176
1.62396598031
1.6219552689
1.61845948532
1.61618187233
1.61631029066
1.6150867174
1.61776808736
1.61654445653
1.61293115301
1.60926457682
1.61048194657
1.6112524805
1.60759594619
1.61022850248
1.60665289141
1.60339707657
1.61384040768
1.6101683923
1.60689121162
1.61457915357
1.61090271899
1.60724827696
1.6044374402
1.60380885608
1.61106249428
1.60800651178
1.60444419275
1.61465590399
1.61112831444
1.6074725229
1.60391357793
1.60037572054
1.61535999943
1.61220117893
1.6089120172
1.6057174186
1.60918673621
1.60569251426
1.61419173126
1.61066723272
1.60708881786
1.60405642714
1.62443516151
1.62069976793
1.6169867196
1.61434412988
1.61432560857
1.61521753189
1.61318658158
1.62209532379
1.61852347788
1.61497311116
1.61159362322
1.60800971144
1.63423021948
1.63058544607
1.62681326127
1.62313821552
1.61941058032
1.61570524396
1.62562403136
1.62188152592
1.61816140827
1.61453845456
1.63498629056
1.63118777974
1.62748696926
1.62380822971
1.62030129437
1.61659062973
1.61297691532
1.64051323847
1.63668166525
1.63287301265
