0.750993121556
0.75068807887
0.750683693239
0.750979153142
0.752467281332
0.757833748738
0.763761929319
0.770550333575
0.773120571724
0.778959279328
0.785358835849
0.791725313096
0.79566645735
0.802263828031
0.809137437465
0.814465619776
0.820960856916
0.82472487149
0.829059634167
0.832771159991
0.840050330224
0.844598887144
0.849415928146
0.854802807899
0.859854320437
0.863083603501
0.868686384267
0.877550787876
0.880378433035
0.885277402513
0.887753983492
0.893200312696
0.899818987052
0.906686854062
0.910239394114
0.913173288467
0.918180298463
0.922855735141
0.924514697929
0.933019865708
0.937007073792
0.938282193286
0.950916718589
0.953002251672
0.95747207336
0.961020006517
0.961253184813
0.965665935237
0.973623139391
0.977970054878
0.980791868551
0.984791153033
0.989967128316
0.999299031803
1.00199513901
1.00797340124
1.01061564322
1.01682681605
1.02091644954
1.0225840549
1.02753377021
1.0339506432
1.03554224857
1.04011417911
1.0443684668
1.04560286894
1.04771938581
1.05251166486
1.05938036769
1.06141115033
1.06193956605
1.06396086632
1.07882703335
1.07745800159
1.08088036792
1.08308199773
1.09336315902
1.0931014291
1.09284341397
1.1012666293
1.0997644403
1.10065992344
1.10275094709
1.10781804895
1.10896858369
1.11429212976
1.12019836232
1.11828229559
1.12474688953
1.12938905713
1.13011136152
1.13771766364
1.13838907091
1.13965098839
1.13911621683
1.14693251658
1.14575553503
1.1466783172
1.15176346782
1.15085498477
1.15889827381
1.16244243228
1.16117195139
1.16828166761
1.16906745527
1.17044791012
1.17420871201
1.17406138252
1.17421116762
1.18335061042
1.183153885
1.18325753077
1.19053629539
1.19178653125
1.19124140962
1.1906941631
1.19701644273
1.20122143895
1.20600613226
1.20566536107
1.20921637677
1.21424471428
1.21565401927
1.22156288643
1.22352643847
1.22938623194
1.22741735667
1.22785540578
1.23245602323
1.23166573077
1.23147630793
1.23787489344
1.23764760348
1.24700099436
1.24402764703
1.24436067908
1.25008255693
1.24888682049
1.25218754224
1.25367444962
1.25155857598
1.25244889276
1.2572270479
1.25748399002
1.26043642875
1.2609656548
1.26090292939
1.26083654048
1.26166417482
1.26636988458
1.27257078056
1.26914564157
1.27231144956
1.27516665933
1.27471575178
1.27366673801
1.27203117829
1.28054124082
1.28755637112
1.28463934282
1.28293599145
1.28363878094
1.28822469537
1.28799692842
1.28985410032
1.29981999685
1.29623185207
1.29326409267
1.29598580521
1.29600837809
1.29990444145
1.30680518161
1.3031752512
1.2998660468
1.30046218196
1.31151647487
1.3084573727
1.30601504157
1.3029878611
1.32180556292
1.31808589969
1.31438848762
1.31101148847
1.3151442592
1.31176372499
1.30900242406
1.31520272809
1.31242067818
1.31383650734
1.31256055874
1.31338155598
1.32314361073
1.31941594325
1.32140410136
1.32186520572
1.32354194667
1.32130641716
1.31938668248
1.3234453053
1.32121215193
1.33245559313
1.32867222104
1.32521130127
1.32746173283
1.32430563041
1.3250648075
1.3359854725
1.33248071466
1.32899665278
1.33062911438
1.33045064414
1.3308595126
1.33873754961
1.33521623885
1.33560377135
1.33449608396
1.33159745121
1.33826042903
1.34012454351
1.3368944862
1.33637575236
1.33734433412
1.33950836297
1.33687876207
1.34173811545
1.33819759935
1.3367752057
1.33476257911
1.33545929806
1.34151933772
1.33917949767
1.33744862883
1.3479492469
1.34467175426
1.34081530465
1.34325677556
1.34060582578
1.35412103903
1.35020806346
1.34661679032
1.34334708765
1.34099182741
1.3523658661
1.34846339004
1.34488273263
1.35358270415
1.35027231931
1.34728065974
1.35296263398
1.34935658803
1.34845980899
1.36044016395
1.35648938715
1.35256224404
1.34925769392
1.36506834519
1.36108988244
1.35803351163
1.35708733851
1.35345518188
1.3678120226
1.36381714708
1.36014589916
1.3582910429
1.36632076592
1.36293247637
1.3595666105
1.36458602768
1.36480074473
1.36410781239
1.36222557761
1.36155926399
1.36059236529
1.36112047351
1.36614872362
1.3624629891
1.35909750768
1.36829943896
1.36430164769
1.36032777136
1.36562820951
1.36224594781
1.37322598267
1.36919872064
1.36519554984
1.36181632615
1.36025435269
1.3748100689
1.37077333081
1.36676074064
1.36337098523
1.37914336516
1.37508070514
1.37104234809
1.36702814864
1.36363616595
1.36533897611
1.36795287332
1.36515347211
1.36506264125
1.36408097844
1.36727985921
1.36358816711
1.35991703274
1.37840198647
1.3743437614
1.37030981278
1.36629999539
1.36980517026
1.36639702334
1.36270971374
1.37341452892
1.369386139
1.3656804105
1.37873683703
1.37467660888
1.37064066915
1.36662887256
1.36264107468
1.37837622999
1.37431815899
1.37058391386
1.36687155813
1.3829629691
1.37917710028
1.37541369894
1.37137334991
1.37004791748
1.38275921998
1.37867492979
1.37461507196
1.37057950035
1.36866501402
1.38139588119
1.37731974654
1.37326799547
1.38269600554
1.37891182362
1.37485054869
1.37560260113
1.37185959598
1.37799471084
1.37573263424
1.37199028735
1.38172486266
1.37764676003
1.37419206374
1.37255668406
1.37032785817
1.37981379348
1.37604676315
1.37230217745
1.36887900435
1.36666984411
1.36387784947
1.40002136968
1.39583381668
1.39167131378
1.38753371112
1.38342085974
1.37933261159
1.37556810035
1.37182637803
1.39236324832
1.38822150648
1.38410454069
1.38001220273
1.37684155984
1.37399069097
1.38102793974
1.37755292734
1.37947750301
1.37631050732
1.37375805944
1.39239122409
1.3882493149
1.38413218276
1.38003967945
1.37597165764
1.37222662392
1.39507605064
1.39091808072
1.38678498392
1.38297643151
1.37918985358
1.37722143308
1.39502323291
1.39086557894
1.38673279622
1.38262473595
1.38003720662
1.39004689948
1.38591901413
1.38211528241
1.38552280148
1.38291677036
1.37883153769
1.39596874801
1.39180543794
1.38796577559
1.38414854498
1.38065307093
1.37807545276
1.38507185328
1.38097372883
1.37749769555
1.38450535131
1.3804106157
1.37634037494
1.38213526035
1.3780547027
1.38865730445
1.38483683305
1.38074011449
1.37816475596
1.37710354634
1.3763389026
1.38488168408
1.38078469723
1.37790710044
1.38164419387
1.37786540608
1.37381039085
1.3871116362
1.38329969406
1.37951217073
1.37574712455
1.37200460102
1.36858347664
1.38784400661
1.38372929904
1.3796392058
1.3758718745
1.37182878465
1.36930511863
1.39214838655
1.38800793002
1.38389224185
1.37980117388
1.37573457882
1.37288808822
1.37991847698
1.37585118021
1.37240614773
1.38004174571
1.37627335176
1.37222786026
1.36880378584
1.37795913075
1.37390355486
1.37137017109
1.3739328063
1.37589439014
1.37185116561
1.38578359333
1.38168121123
1.37760336972
1.373549922
1.36952072216
1.37924130597
1.37517806007
1.37173741389
1.377288426
1.37353551532
1.37010433636
1.36669368364
1.39650242705
1.39233592449
1.3881943461
1.38407754279
1.3802846472
1.37621515999
1.37217001659
1.38012650423
1.37935301674
1.37618586913
1.37483865323
1.41366315152
1.4093939929
1.40515037253
1.40093213765
1.39673913641
1.39257121785
1.38842823193
1.3843100295
1.38051583297
1.42554130248
1.42120108833
1.4168868375
1.41259839467
1.40833560545
1.4040983164
1.39988637496
1.39569962951
1.39183694095
1.41759951067
1.4133068046
1.40903977766
1.40479827622
1.4005821476
1.40357613587
1.40026363613
1.39637346616
1.40475223953
1.4005363863
1.39694341701
1.39695909396
1.3930890507
1.42995576135
1.42558913975
1.42124863943
1.41693410415
1.41264537856
1.40838230829
1.40414473986
1.40023180158
1.4235768292
1.41924836659
1.41494579701
1.41066896555
1.40671753831
1.40248992859
1.39858635123
1.41201850868
1.40865649242
1.40531297488
1.40109376731
1.41868185792
1.41438267722
1.41040849523
1.40615880607
1.40223328135
1.41991279549
1.41560625127
1.41162474981
1.40736778498
1.40343529709
1.39952660272
1.42319183461
1.41886567506
1.41456539475
1.41029083887
1.40604185354
1.4018182858
1.39761998358
1.41194107735
1.40768222023
1.40344883975
1.41090223714
1.40664959441
1.40301880191
1.39911224011
1.42901745157
1.42465644297
1.42032152208
1.41601253284
1.41202905026
1.40776966688
1.40353576329
1.39992467238
1.42089741361
1.41658497936
1.4125972642
1.40863295565
1.40439388783
1.40048017828
1.41606901718
1.41178546658
1.40752754033
1.40329508515
1.39938713976
1.41198215608
1.40772305323
1.40348942848
1.39928112943
1.39539665761
1.40020173817
1.40288983599
1.39898440459
1.40858542647
1.4046463731
1.40043115317
1.39624114883
1.39416964986
1.39806864757
1.39389277583
1.39064026576
1.39099669725
1.39046097082
1.3902130979
1.38728098271
1.3876562557
1.38473862809
1.39201014507
1.38816925815
1.40137967816
1.39718399971
1.39301341997
1.38886778878
1.38504677696
1.38990570603
1.38607722874
1.38227210173
1.42188519307
1.4175668499
1.41327433921
1.40900750647
1.40476619808
1.40055026135
1.39635954451
1.39219389668
1.41650191405
1.41221577385
1.40825437484
1.40401757171
1.39980611329
1.39591894931
1.41450128275
1.41022711039
1.40597850629
1.40175531749
1.39755739195
1.40265115875
1.39874625863
1.39456633339
1.41967940985
1.41537426175
1.4110948672
1.40684107214
1.40261272344
1.399309219
1.39932088913
1.40888793575
1.40464734264
1.40043211691
1.41239869519
1.40813710059
1.40419992094
1.40267928384
1.39937340438
1.3954890982
1.42935986971
1.42499681275
1.42065985575
1.41634884259
1.41206361807
1.40780402791
1.40356991877
1.39936113822
1.40745820031
1.40472076964
1.40080456515
1.39661232705
1.39274444793
1.40739300219
1.40316135182
1.39895501534
1.39477384131
1.41150458485
1.40724833885
1.40301755386
1.39881207758
1.39463175861
1.41440455436
1.41013096063
1.40618275175
1.40225798136
1.39805704888
1.401667856
1.39747045367
1.40406742549
1.39985566885
1.39566910708
1.40139526748
1.39809662082
1.39392058174
1.39156628719
1.39877132081
1.39489070613
1.39073384495
1.4069285423
1.40269967034
1.39849609566
1.3943176669
1.39046333501
1.3949881643
1.39172748791
1.40016761219
1.39597918437
1.39211410674
1.41076017937
1.40650838643
1.40228202787
1.39838005288
1.3942023183
1.39004957508
1.38592167372
1.39137975739
1.40252096604
1.39831846036
1.39414109423
1.39088593175
1.38675302727
1.39044035085
1.38660921321
1.39866790791
1.39448845137
1.39033399649
1.38620439371
1.39769481506
1.39352117959
1.38937251097
1.38554830004
1.38204427329
1.37886138605
1.39239614546
1.38825420683
1.38413704543
1.38064190886
1.38731830037
1.38320673759
1.37941833378
1.38162386134
1.3775463629
1.37858345626
1.37482252999
1.3997786374
1.39559253643
1.39143147688
1.38729530893
1.38348217855
1.3796932038
1.37622563853
1.37725825479
1.39678630926
1.39261810851
1.38847484209
1.38435636084
1.38026251649
1.3767917235
1.3846856691
1.38088904591
1.37771297838
1.39940394462
1.39522008508
1.39106125354
1.38692730028
1.38281807648
1.37903208723
1.39952477659
1.39534019423
1.39118064419
1.38704597673
1.38323577312
1.37944827239
1.39149162159
1.38765473407
1.3838404396
1.37974968151
1.39122446865
1.38708953903
1.39550397105
1.3913434413
1.38720779998
1.38339617908
1.39279225352
1.38864794535
1.38542411894
1.38222280787
1.37993723242
1.37676658995
1.3861498321
1.38204525914
1.37796523988
1.39456494702
1.39041003454
1.38657988691
1.38247274135
1.37839016488
1.3752287771
1.37298521982
1.38330854965
1.37922097334
1.37515784907
1.37141867076
1.37517185938
1.38282593915
1.37874124984
1.37468099528
1.37094457965
1.37529575905
1.37125611554
1.37382284201
1.37009164976
1.36638250809
1.3809392123
1.37686580946
1.37281677386
1.3705881837
1.39293596479
1.38879079694
1.38467042563
1.38057470254
1.3765034802
1.38414959417
1.38035528157
1.3765842041
1.38422911607
1.3801360329
1.3760674347
1.372023175
1.39225510324
1.38811400833
1.3839976856
1.37990598685
1.37643786548
1.39268152675
1.38853788095
1.3844190226
1.3803248034
1.37804843005
1.37429178045
1.38308617335
1.3789999273
1.3779318383
1.38612854909
1.38202410345
1.37914259188
1.38436761685
1.38027370517
1.37620428341
1.37664841803
1.37739268057
1.37603545828
1.383343252
1.3792554681
1.37519213747
1.37145257432
1.36893106981
1.38829101677
1.38417363517
1.38008088389
1.37601261559
1.37436580556
1.37063163508
1.37558612672
1.37154474623
1.36962134356
1.3880486954
1.38423114773
1.3804375129
1.37636711124
1.37351863255
1.37428206818
1.37949285568
1.37542810499
1.37138766979
1.37605019073
1.37230450808
1.38382203683
1.37973138883
1.37596449209
1.37221950123
1.39007029026
1.38594226498
1.38183893369
1.37806014868
1.37460199179
1.38644950287
1.38264170072
1.37885730462
1.37509626583
1.39144494998
1.38730870144
1.38319719608
1.37911028589
1.37654360099
1.38807221266
1.38395613995
1.3807632524
1.37729063222
1.37353788759
1.37010660362
1.37416836322
1.37073465472
1.37925569513
1.37939110333
1.37562561437
1.37158399765
1.36846449056
1.39133499025
1.38719939949
1.38308854798
1.37900228773
1.37523957298
1.3726968516
1.3899425418
1.38581528072
1.38171270905
1.37763467912
1.37388041478
1.38120863051
1.37773154957
1.39045934792
1.38632899528
1.38222335056
1.37844172644
1.37498254408
1.3927652696
1.38862112286
1.38480176655
1.38070525776
1.37663325444
1.39981119196
1.39562489625
1.39146364312
1.38732728275
1.38321566624
1.37942801622
1.37626122668
1.39704121966
1.39287149402
1.38872671184
1.38520609439
1.39399898945
1.38984746255
1.38572077023
1.38371498734
1.38022426016
1.37854848654
1.37867752233
1.37820059197
1.38192487409
1.38024144584
1.37677086864
1.37272240098
1.3761779287
1.37693012889
1.37288070853
1.37601458868
1.37227019545
1.36884703448
1.38098775233
1.37691405912
1.37316294027
1.38172849763
1.37765037325
1.37389628458
1.37076303604
1.37033371747
1.37891080713
1.3751492684
1.37111050121
1.38263849141
1.37855492341
1.37449578347
1.37106056555
1.36734499977
1.3818527487
1.37777388104
1.37401770819
1.37148023306
1.37582569909
1.37178288547
1.38332686099
1.37953917515
1.37547414737
1.37173173161
1.38900441286
1.38518114806
1.3816808423
1.37790228386
1.378025685
1.37905955265
1.37589712404
1.38652286597
1.38271597152
1.37863194003
1.37517045429
1.37143012382
1.39667282283
1.39250530096
1.38836270936
1.38424489888
1.3801517213
1.37638150315
1.38907436634
1.38495229871
1.38085488944
1.37678199102
1.40030035669
1.39611113478
1.39194697295
1.38780772128
1.38369323077
1.37960335329
1.37583623646
1.40830472796
1.40406762361
1.39985586578
