0.171
0.0
0.0
0.0
0.002
0.012
0.017
0.014
0.005
0.015
0.02
0.015
0.01
0.016
0.021
0.013
0.02
0.008
0.006
0.009
0.025
0.012
0.014
0.018
0.013
0.01
0.019
0.029
0.008
0.015
0.008
0.016
0.021
0.02
0.011
0.009
0.013
0.017
0.007
0.03
0.012
0.002
0.043
0.009
0.016
0.014
0.003
0.015
0.028
0.017
0.009
0.015
0.017
0.036
0.011
0.024
0.013
0.024
0.018
0.007
0.021
0.025
0.008
0.021
0.018
0.008
0.011
0.021
0.028
0.011
0.003
0.008
0.056
0.002
0.016
0.013
0.042
0.003
0.003
0.033
0.0
0.01
0.011
0.023
0.011
0.021
0.025
0.0
0.027
0.023
0.009
0.033
0.008
0.011
0.005
0.034
0.003
0.009
0.025
0.003
0.035
0.018
0.003
0.032
0.011
0.013
0.021
0.006
0.01
0.039
0.009
0.009
0.033
0.013
0.006
0.004
0.03
0.023
0.023
0.008
0.022
0.027
0.013
0.029
0.016
0.029
0.002
0.012
0.025
0.006
0.008
0.03
0.009
0.041
0.001
0.01
0.028
0.007
0.021
0.015
0.002
0.011
0.026
0.011
0.019
0.012
0.009
0.011
0.013
0.026
0.032
0.0
0.021
0.019
0.01
0.007
0.003
0.04
0.034
0.002
0.005
0.014
0.027
0.01
0.017
0.045
0.0
0.002
0.02
0.011
0.025
0.034
0.0
0.0
0.013
0.049
0.001
0.003
0.001
0.075
0.0
0.0
0.0
0.026
0.001
0.001
0.032
0.001
0.013
0.008
0.015
0.045
0.0
0.019
0.014
0.018
0.004
0.006
0.026
0.004
0.05
0.0
0.001
0.02
0.001
0.014
0.049
0.0
0.0
0.018
0.012
0.013
0.039
0.0
0.014
0.008
0.003
0.035
0.018
0.001
0.011
0.016
0.02
0.002
0.028
0.001
0.007
0.004
0.014
0.031
0.005
0.006
0.048
0.001
0.0
0.02
0.004
0.057
0.0
0.0
0.002
0.005
0.051
0.0
0.001
0.042
0.001
0.001
0.032
0.0
0.009
0.053
0.0
0.0
0.002
0.065
0.0
0.002
0.01
0.001
0.061
0.0
0.001
0.007
0.04
0.001
0.002
0.03
0.014
0.011
0.007
0.011
0.01
0.015
0.029
0.0
0.0
0.044
0.0
0.0
0.031
0.002
0.05
0.0
0.0
0.0
0.006
0.062
0.0
0.0
0.001
0.066
0.0
0.0
0.0
0.001
0.019
0.021
0.004
0.013
0.009
0.023
0.0
0.0
0.075
0.0
0.0
0.0
0.025
0.002
0.0
0.048
0.0
0.001
0.057
0.0
0.0
0.0
0.0
0.065
0.0
0.001
0.001
0.067
0.0
0.001
0.0
0.008
0.056
0.0
0.0
0.0
0.006
0.055
0.0
0.0
0.045
0.0
0.0
0.016
0.001
0.034
0.006
0.0
0.046
0.0
0.001
0.007
0.005
0.044
0.001
0.0
0.0
0.004
0.003
0.134
0.0
0.0
0.0
0.0
0.0
0.0
0.0
0.082
0.0
0.0
0.0
0.002
0.003
0.036
0.001
0.02
0.002
0.004
0.076
0.0
0.0
0.0
0.0
0.001
0.09
0.0
0.0
0.0
0.0
0.007
0.073
0.0
0.0
0.0
0.005
0.046
0.0
0.001
0.025
0.005
0.0
0.071
0.0
0.0
0.001
0.001
0.003
0.036
0.0
0.002
0.037
0.0
0.0
0.033
0.0
0.048
0.001
0.0
0.005
0.008
0.009
0.042
0.0
0.002
0.026
0.001
0.0
0.058
0.0
0.0
0.0
0.0
0.0
0.078
0.0
0.0
0.0
0.0
0.005
0.089
0.0
0.0
0.0
0.0
0.004
0.037
0.0
0.002
0.039
0.001
0.0
0.002
0.044
0.0
0.004
0.022
0.02
0.0
0.06
0.0
0.0
0.0
0.0
0.046
0.0
0.0
0.032
0.001
0.001
0.002
0.113
0.0
0.0
0.0
0.0
0.0
0.0
0.039
0.011
0.002
0.009
0.143
0.0
0.0
0.0
0.0
0.0
0.0
0.0
0.0
0.164
0.0
0.0
0.0
0.0
0.0
0.0
0.0
0.001
0.1
0.0
0.0
0.0
0.0
0.024
0.002
0.001
0.042
0.0
0.002
0.013
0.0
0.137
0.0
0.0
0.0
0.0
0.0
0.0
0.0
0.092
0.0
0.0
0.0
0.0
0.0
0.0
0.059
0.003
0.003
0.0
0.073
0.0
0.0
0.0
0.001
0.073
0.0
0.0
0.0
0.0
0.0
0.093
0.0
0.0
0.0
0.0
0.0
0.0
0.062
0.0
0.0
0.039
0.0
0.002
0.001
0.114
0.0
0.0
0.0
0.0
0.0
0.0
0.001
0.083
0.0
0.0
0.001
0.0
0.0
0.063
0.0
0.0
0.0
0.0
0.056
0.0
0.0
0.0
0.0
0.03
0.023
0.0
0.046
0.001
0.0
0.0
0.007
0.027
0.0
0.003
0.015
0.012
0.013
0.004
0.014
0.004
0.038
0.001
0.058
0.0
0.0
0.0
0.001
0.029
0.0
0.001
0.146
0.0
0.0
0.0
0.0
0.0
0.0
0.0
0.095
0.0
0.001
0.0
0.0
0.0
0.076
0.0
0.0
0.0
0.0
0.031
0.001
0.0
0.098
0.0
0.0
0.0
0.0
0.003
0.014
0.046
0.0
0.0
0.053
0.0
0.0
0.009
0.003
0.001
0.126
0.0
0.0
0.0
0.0
0.0
0.0
0.0
0.037
0.005
0.001
0.0
0.0
0.063
0.0
0.0
0.0
0.07
0.0
0.0
0.0
0.0
0.08
0.0
0.0
0.001
0.0
0.026
0.0
0.036
0.0
0.0
0.032
0.002
0.0
0.005
0.038
0.0
0.0
0.068
0.0
0.0
0.0
0.0
0.029
0.002
0.042
0.0
0.001
0.076
0.0
0.0
0.001
0.0
0.0
0.0
0.032
0.051
0.0
0.0
0.0
0.0
0.026
0.001
0.054
0.0
0.0
0.0
0.052
0.0
0.0
0.001
0.001
0.001
0.058
0.0
0.0
0.001
0.035
0.0
0.0
0.021
0.0
0.017
0.001
0.097
0.0
0.0
0.0
0.0
0.001
0.001
0.016
0.079
0.0
0.0
0.0
0.0
0.002
0.04
0.001
0.003
0.086
0.0
0.0
0.0
0.0
0.001
0.082
0.0
0.0
0.0
0.0
0.0
0.054
0.001
0.001
0.0
0.052
0.0
0.042
0.0
0.0
0.0
0.045
0.0
0.003
0.003
0.006
0.0
0.044
0.0
0.0
0.069
0.0
0.0
0.0
0.0
0.003
0.003
0.046
0.0
0.0
0.001
0.026
0.039
0.0
0.0
0.001
0.028
0.0
0.021
0.0
0.0
0.061
0.0
0.0
0.006
0.088
0.0
0.0
0.0
0.0
0.039
0.001
0.0
0.038
0.0
0.0
0.0
0.08
0.0
0.0
0.0
0.002
0.068
0.0
0.0
0.0
0.003
0.0
0.043
0.0
0.008
0.041
0.0
0.003
0.03
0.0
0.0
0.015
0.015
0.009
0.038
0.0
0.0
0.001
0.004
0.078
0.0
0.0
0.0
0.008
0.0
0.03
0.0
0.005
0.075
0.0
0.0
0.0
0.004
0.016
0.031
0.0
0.0
0.028
0.001
0.052
0.0
0.001
0.0
0.072
0.0
0.0
0.0
0.001
0.053
0.0
0.0
0.001
0.067
0.0
0.0
0.0
0.005
0.051
0.0
0.002
0.0
0.001
0.002
0.026
0.001
0.042
0.014
0.0
0.0
0.003
0.09
0.0
0.0
0.0
0.001
0.005
0.071
0.0
0.0
0.0
0.001
0.037
0.001
0.056
0.0
0.0
0.001
0.002
0.072
0.0
0.0
0.0
0.0
0.091
0.0
0.0
0.0
0.0
0.0
0.003
0.083
0.0
0.0
0.002
0.042
0.0
0.0
0.007
0.0
0.007
0.012
0.012
0.026
0.008
0.001
0.0
0.025
0.016
0.0
0.024
0.0
0.001
0.054
0.0
0.001
0.042
0.0
0.0
0.002
0.011
0.04
0.001
0.0
0.052
0.0
0.0
0.002
0.0
0.062
0.0
0.001
0.003
0.028
0.0
0.052
0.0
0.0
0.001
0.07
0.0
0.0
0.0
0.014
0.017
0.003
0.048
0.0
0.0
0.0
0.001
0.098
0.0
0.0
0.0
0.0
0.0
0.056
0.0
0.0
0.0
0.092
0.0
0.0
0.0
0.0
0.0
0.0
0.122
0.0
0.0
