0.140765446435
0.139205254641
0.138619990453
0.14099829041
0.141293524727
0.140238226575
0.140112336085
0.142011084807
0.141814978828
0.140613330072
0.142152028529
0.139605453946
0.143956966751
0.142065752083
0.14501262754
0.145016338047
0.141549481189
0.141233972642
0.138971860754
0.140710585908
0.142908626426
0.139658411476
0.140273025012
0.139129318618
0.14130032451
0.139134872548
0.144444374376
0.140431757806
0.138850419284
0.142056020983
0.139412579471
0.137995928977
0.142321065414
0.140940446316
0.142038997318
0.14346980935
0.140697246528
0.143492992037
0.141424004798
0.142363681897
0.141263887249
0.138222024704
0.139809952875
0.141335062585
0.140885340565
0.140847811836
0.143256608992
0.139221339133
0.140870104893
0.139450778266
0.140749164138
0.142052477609
0.14063253065
0.142097666528
0.140424159801
0.140397171618
0.139287642343
0.140518831433
0.143353094361
0.142829361834
0.143946788704
0.144216912568
0.142955902652
0.138631786147
0.140945939124
0.139566681557
0.13998413713
0.140798453777
0.140619556618
0.138695264484
0.141983325355
0.141409519869
0.139927624028
0.139332863821
0.140756275537
0.141603612264
0.142183321678
0.140398537933
0.142438891108
0.142818393141
0.146434350212
0.144725559763
0.141970766076
0.142296400625
0.141719744876
0.141645097038
0.140024703132
0.140003500975
0.140267976298
0.13844735283
0.140412744129
0.13940405
0.140478030782
0.139782309301
0.143396581364
0.14348534175
0.142628099032
0.141188938974
0.143165489809
0.140930335741
0.148346680999
0.143327780312
0.14402109034
0.142646011607
0.140594203522
0.140918680669
0.141487214588
0.141684076231
0.14151259239
0.139451707922
0.14336070246
0.140435082424
0.14086784867
0.139847412862
0.138687994471
0.137844651802
0.141062067355
0.138076817488
0.140527404041
0.140089141912
0.1496053758
0.145473887047
0.145055506025
0.142473593764
0.142715644035
0.140497551593
0.140568017495
0.143112252479
0.142739728581
0.140835755414
0.139600841697
0.141590544879
0.140491096262
0.139678786206
0.138496080588
0.140109094323
0.137443057052
0.14243078549
0.14237121994
0.141239481828
0.151818777652
0.147491914046
0.147621345961
0.143416701253
0.142690879222
0.141058667888
0.139294328149
0.142955133722
0.139232348883
0.141070931101
0.140639830222
0.141056438537
0.140098570643
0.138660276873
0.140458844435
0.139799577147
0.141255301434
0.142563369238
0.140283191304
0.13918689547
0.150991499496
0.146894561872
0.146438782379
0.145386455711
0.142440233672
0.142775078277
0.142435651605
0.143804651341
0.140792745573
0.143400625656
0.141220892867
0.140238224243
0.142054819792
0.142590289588
0.140335268935
0.142099164445
0.139479821474
0.139285756798
0.139529439605
0.138644521783
0.151262734327
0.146255703475
0.147004925945
0.142561110592
0.142181826091
0.143481837695
0.142155982858
0.142048548183
0.142900649543
0.142302248089
0.140605356702
0.141733837088
0.13995071233
0.142029331879
0.140348481332
0.138530175687
0.142048060615
0.140042702632
0.138682928059
0.140493879935
0.150562696593
0.147058723914
0.144267446486
0.147303501555
0.14588725206
0.140819371352
0.141050968539
0.143103160344
0.142541004226
0.141394064343
0.141656838355
0.140674315151
0.14140710174
0.141868458686
0.140379383618
0.139056840116
0.140781563888
0.139391351984
0.140119152651
0.140234457232
0.155225033518
0.147122290919
0.145716322387
0.145751629453
0.142814066186
0.145578896914
0.14142811596
0.141125412382
0.142745827543
0.141537459491
0.141094610283
0.140340495582
0.143102687549
0.140581118246
0.140260631405
0.142112313921
0.137674450206
0.141049210778
0.142942205645
0.142698495398
0.153792860492
0.147649597675
0.147984040323
0.144959518422
0.142447117734
0.144319031776
0.142344199374
0.141741583557
0.141354146822
0.142338057977
0.140125246761
0.141700739555
0.142327497438
0.142002935966
0.140283715987
0.141699867128
0.140196718073
0.139866177959
0.139574055718
0.139229198403
0.150988563288
0.149995321389
0.14729818746
0.149071556861
0.144230293407
0.143995150683
0.14255835127
0.145433760208
0.142795340933
0.143586875812
0.141836003782
0.141602835645
0.144216390795
0.141140558045
0.140833710833
0.140691796428
0.143691589148
0.140353396611
0.140341948473
0.139684074229
0.154578449044
0.150873456769
0.146035771531
0.147284320276
0.145471058658
0.144535995502
0.142381954875
0.141219084634
0.14239444084
0.142196505138
0.144227244135
0.141674754658
0.139730225501
0.142528731357
0.1425430496
0.142637925909
0.141771466519
0.140283972464
0.141090142893
0.141027872579
0.15375152502
0.152665510066
0.14924718941
0.146841311359
0.145299076125
0.144627423605
0.144093880616
0.144798815751
0.143057991759
0.1445807031
0.141087631181
0.142400103927
0.138928949274
0.140728556115
0.142974022058
0.140452296102
0.140098311058
0.142170577814
0.141488382352
0.139597068942
0.152777988497
0.149559775113
0.150223268254
0.144902664077
0.145103362192
0.145515640086
0.149696616056
0.142890213797
0.142214223421
0.145640247093
0.142578103807
0.143895041346
0.143901570563
0.14422019869
0.141182598192
0.140286204532
0.142078795416
0.140287149369
0.140630997152
0.142285593276
0.152733236727
0.153644771775
0.149896576489
0.146338347567
0.14761494238
0.144179548621
0.143722186612
0.143775382671
0.143749058874
0.142737964979
0.144347708482
0.141947024581
0.141128994473
0.143037761446
0.141122813003
0.142072696946
0.141840190025
0.141620564358
0.142036339408
0.142503009115
0.151865030409
0.152142358574
0.149322977367
0.145966819422
0.147563547978
0.146385115585
0.14565204273
0.141112582371
0.141084631048
0.143677912111
0.141701418356
0.14118529114
0.141580815181
0.142343754894
0.140955987796
0.141812269593
0.139767472495
0.1420452162
0.141827888316
0.141160968924
0.154481893984
0.154293451901
0.149394528393
0.148217363043
0.147567799541
0.145517398899
0.145656986239
0.143368485043
0.145191178869
0.144761694964
0.144868640315
0.142701415977
0.141975374991
0.140355153877
0.140895523266
0.141333697337
0.140967647902
0.141592536532
0.139611956044
0.140441802566
