-1.04696524096
-1.03865740285
-1.03364391899
-1.02992571426
-1.0227852605
-1.02190872376
-1.0186141277
-1.01616297828
-1.01587916327
-1.01500212173
-1.01507914062
-1.01436787002
-1.00983426342
-1.01228913393
-1.01260855352
-1.00963004862
-1.01039800956
-1.00951717875
-1.0067105702
-1.0122916267
-1.07982603778
-1.06236996515
-1.05530275645
-1.04673337163
-1.04355302903
-1.03836413805
-1.03470279694
-1.02973159856
-1.02875584378
-1.02473359158
-1.02494819527
-1.02310001059
-1.0188544089
-1.02014348803
-1.01982791266
-1.02116989861
-1.01659299552
-1.01547036892
-1.01801923898
-1.016454435
-1.09736535006
-1.07723479397
-1.07071287162
-1.06430715933
-1.05990298249
-1.04800477246
-1.04582788235
-1.04272912647
-1.0381188186
-1.038095327
-1.03472038175
-1.03058429128
-1.03019839561
-1.03118703553
-1.02357899861
-1.02584638619
-1.02352832768
-1.02202652903
-1.02317393463
-1.02058489993
-1.11364894793
-1.09886463425
-1.08757153867
-1.07371955889
-1.06796801253
-1.05937137392
-1.05774600094
-1.05027670253
-1.04565212834
-1.04604519735
-1.04350961182
-1.04123733216
-1.03631104656
-1.03532473747
-1.03472330508
-1.03075456877
-1.03066834196
-1.02998503273
-1.02936882188
-1.02733531601
-1.12382291339
-1.10937943757
-1.09293905083
-1.08501134324
-1.07479697825
-1.06867811998
-1.06345208925
-1.05995625637
-1.05028329123
-1.05005449136
-1.04804177193
-1.04500425066
-1.04462235131
-1.04130996331
-1.03971034055
-1.03679856482
-1.03858290848
-1.03450073953
-1.0340556562
-1.03147098354
-1.13668185808
-1.11592420832
-1.1042968134
-1.09327456972
-1.08193113366
-1.07413836613
-1.06951049936
-1.06545239522
-1.06081579314
-1.05340443902
-1.05538737012
-1.04994835024
-1.04829081012
-1.04663797532
-1.0393387916
-1.04087800424
-1.03977814057
-1.04006308806
-1.03827509658
-1.03476159139
-1.14535649917
-1.12395596159
-1.11052960185
-1.09897835458
-1.09099672936
-1.08130375401
-1.07594387509
-1.0726603229
-1.06728195585
-1.06166688391
-1.05959890609
-1.05598110565
-1.0547017069
-1.0534657532
-1.04741055186
-1.04421641571
-1.04369787137
-1.0441515903
-1.04090313038
-1.04006175503
-1.15164853196
-1.12908674653
-1.11523121603
-1.10464686507
-1.09413821171
-1.08522280068
-1.08272654495
-1.07816346594
-1.07186137993
-1.06775267472
-1.06365374254
-1.0593358963
-1.05951473449
-1.05488812362
-1.05158792886
-1.04910682462
-1.04855684609
-1.04876828587
-1.04480452913
-1.04237672629
-1.15746626561
-1.13900610896
-1.12208252828
-1.11042577181
-1.10306072067
-1.09373589939
-1.08689459257
-1.08076397313
-1.07535595388
-1.07175823505
-1.06768533256
-1.0656951706
-1.06194920016
-1.05912334052
-1.05597092893
-1.05543096252
-1.05537832103
-1.05105847449
-1.04862890996
-1.04695688276
-1.16283698036
-1.14225181631
-1.12740036732
-1.11291401769
-1.10227309003
-1.09639485152
-1.08900361373
-1.08494638769
-1.08032613351
-1.0729423981
-1.07140788704
-1.06940664079
-1.06412041659
-1.0642490496
-1.0610600709
-1.05605940361
-1.0584213465
-1.05464194391
-1.05080192704
-1.05128621835
-1.16481128753
-1.14430824871
-1.12906099508
-1.11985742139
-1.110717358
-1.09837240592
-1.09507785745
-1.08716603331
-1.08009421564
-1.07640958771
-1.07417391911
-1.07138399144
-1.06858238312
-1.06549432816
-1.06049197555
-1.05848388713
-1.06008756755
-1.05639497776
-1.05449364521
-1.05385759905
-1.17170457932
-1.14559322128
-1.13240966539
-1.12354168881
-1.11269489371
-1.1060243466
-1.09965765453
-1.09009960256
-1.08834171482
-1.08187915854
-1.07786180298
-1.07187733943
-1.07270101697
-1.06625082151
-1.0665665531
-1.05881731297
-1.05788155216
-1.05894164504
-1.05757557019
-1.05590060663
-1.16899086268
-1.15231270027
-1.13487683206
-1.12317207795
-1.11282669503
-1.10916084335
-1.10100196493
-1.09288074175
-1.0925164103
-1.08507015996
-1.08094832115
-1.0778212327
-1.07558842602
-1.0716703964
-1.06871484855
-1.06804100005
-1.06407303545
-1.05931575749
-1.05620829978
-1.05692360821
-1.17062631617
-1.15465870343
-1.14269287531
-1.13102771804
-1.11545135882
-1.10922446748
-1.10444393912
-1.09606050201
-1.09367832983
-1.08772479049
-1.08421676247
-1.07969946502
-1.07835262999
-1.07379474755
-1.07041998335
-1.06822841491
-1.06517004265
-1.06232000371
-1.05899628787
-1.06176326249
-1.17643000556
-1.15538246285
-1.13612301012
-1.13366099436
-1.12199294403
-1.11331480888
-1.10525630752
-1.09957270647
-1.09505092513
-1.08772902231
-1.08579816641
-1.0810297292
-1.07622418601
-1.07656467569
-1.07303084432
-1.07315516945
-1.0672180245
-1.06376548036
-1.06153832109
-1.06030811728
-1.17787299345
-1.15891659099
-1.14881852472
-1.13519675889
-1.12318489715
-1.11372564395
-1.11076638606
-1.10394472372
-1.09848120605
-1.08992264153
-1.08560896305
-1.08311792085
-1.07623980991
-1.07710422617
-1.07654283945
-1.073324045
-1.07029854232
-1.06669168755
-1.06579697892
-1.06239590127
-1.17921308654
-1.15582196873
-1.15032444366
-1.1323129985
-1.12291111097
-1.11741635824
-1.11461864723
-1.10232086038
-1.09756066646
-1.09764094473
-1.08923516918
-1.0875630415
-1.0824285241
-1.07979116196
-1.07901916573
-1.07145707185
-1.0703849846
-1.06698392281
-1.0659859875
-1.06465181522
-1.17831523924
-1.16671214113
-1.14626293634
-1.13577300189
-1.12856257399
-1.11975883382
-1.1125268552
-1.10595536708
-1.10261106635
-1.09660226382
-1.09266740922
-1.08780199031
-1.08628176775
-1.0806830371
-1.07894407956
-1.07244050685
-1.0756420337
-1.06859892787
-1.06892931776
-1.06555139238
-1.18111581709
-1.16255944166
-1.1496245365
-1.13890734485
-1.1307275219
-1.1213602714
-1.10883303194
-1.10696703942
-1.10308674182
-1.09682171969
-1.09132580175
-1.08766399268
-1.08648576105
-1.08226015894
-1.0781775688
-1.07599395829
-1.07086773181
-1.07320761602
-1.07223681831
-1.06656141788
-1.1844704534
-1.16974216684
-1.15095724283
-1.14016502961
-1.12698681522
-1.12642552772
-1.11889120894
-1.11003423235
-1.1055108336
-1.09986164177
-1.09680554111
-1.09008852296
-1.08827318314
-1.08439955141
-1.08312262286
-1.07995618494
-1.0743818847
-1.07357141473
-1.07187068901
-1.06801084555
