0.004857
0.0054425
0.005801
0.006037
0.00639
0.0064895
0.0067465
0.00699
0.007007
0.007056
0.0072655
0.0070235
0.0073505
0.007265
0.007368
0.007394
0.0075015
0.007146
0.0074335
0.00739
0.003465
0.0041295
0.004402
0.004887
0.005186
0.005314
0.0058905
0.005739
0.0060965
0.006226
0.006152
0.0063785
0.006622
0.006617
0.0066955
0.0067425
0.006924
0.0070525
0.00691
0.006949
0.002822
0.0033885
0.0038435
0.0041205
0.004551
0.005022
0.0051995
0.005169
0.005514
0.005594
0.0056225
0.0057775
0.005968
0.005901
0.006441
0.0063535
0.0064775
0.0061915
0.006465
0.0065985
0.0023955
0.002716
0.003224
0.0038335
0.004121
0.004255
0.004404
0.004872
0.0049945
0.0049805
0.0051825
0.0054755
0.0056305
0.005507
0.005681
0.0057915
0.005932
0.0059795
0.006131
0.0062625
0.002007
0.002506
0.0029915
0.003368
0.0036385
0.004006
0.0042065
0.0043535
0.004785
0.004705
0.004974
0.0051065
0.005121
0.005364
0.005394
0.005581
0.00551
0.0057085
0.005905
0.0058725
0.0017745
0.002228
0.0026015
0.003137
0.003314
0.003644
0.0039175
0.003989
0.0042075
0.004632
0.004591
0.004664
0.004757
0.0050135
0.005378
0.005303
0.0054495
0.005384
0.005374
0.005677
0.0015915
0.0020645
0.0023285
0.0027375
0.003111
0.0033695
0.0035425
0.0038515
0.0039095
0.004169
0.0042635
0.004469
0.004572
0.0045575
0.0049095
0.0051955
0.005068
0.0053445
0.0051485
0.0054435
0.001342
0.001826
0.002175
0.0024665
0.002905
0.003145
0.0032785
0.003615
0.0037145
0.0039385
0.0043255
0.0042405
0.0042965
0.004446
0.004767
0.004887
0.004742
0.004936
0.005024
0.0051725
0.001304
0.0016835
0.0019755
0.0023405
0.002559
0.002928
0.003135
0.0033815
0.003661
0.0038275
0.0040525
0.0039375
0.0041275
0.0042145
0.0045565
0.004388
0.0046825
0.0047935
0.0048785
0.0049085
0.0012365
0.0015175
0.0019565
0.0023815
0.0024825
0.0027845
0.0029575
0.003146
0.0034165
0.003466
0.003669
0.0039135
0.004021
0.004117
0.004253
0.004428
0.004485
0.0045655
0.0048345
0.0048785
0.001219
0.0014645
0.0018445
0.002084
0.002292
0.002616
0.002715
0.003156
0.0032405
0.0034225
0.003476
0.003717
0.003846
0.003887
0.0042595
0.0043395
0.0043365
0.004436
0.004598
0.0045135
0.00109
0.001424
0.001711
0.0020945
0.0023105
0.0024905
0.002658
0.0029395
0.0030055
0.0032535
0.0036555
0.0034845
0.003841
0.003955
0.004054
0.004342
0.0043085
0.004281
0.0043995
0.0044995
0.001019
0.001319
0.001583
0.0018925
0.0021885
0.0022835
0.0026165
0.0028985
0.003002
0.0032445
0.003485
0.00343
0.003721
0.0038005
0.0037885
0.0040475
0.0040645
0.0043895
0.004261
0.004432
0.0009835
0.0012335
0.0015645
0.0018205
0.0021585
0.0023625
0.0025315
0.00279
0.002868
0.0029705
0.0031575
0.0033625
0.003549
0.0035805
0.0037935
0.0038415
0.0041175
0.004079
0.0041305
0.004223
0.000935
0.0011985
0.0014535
0.001716
0.0020365
0.002132
0.002457
0.002673
0.0028325
0.0030045
0.0032215
0.003226
0.003438
0.003493
0.0037025
0.003645
0.0037105
0.004013
0.0042895
0.004239
0.000933
0.0011095
0.001402
0.001787
0.0019625
0.0021145
0.00225
0.0025375
0.002681
0.002925
0.0030255
0.003181
0.003364
0.0034795
0.003675
0.00374
0.003685
0.0038525
0.004055
0.004109
0.0008405
0.0012065
0.001387
0.0016555
0.0019305
0.002018
0.002243
0.002445
0.0027135
0.0029115
0.0029695
0.003116
0.00321
0.003399
0.0034745
0.0036805
0.003884
0.003848
0.003866
0.0040555
0.000871
0.001166
0.001366
0.0015295
0.0017525
0.0019175
0.0021995
0.002358
0.0026605
0.0026855
0.0028835
0.002978
0.003067
0.0032525
0.003444
0.003574
0.0036775
0.00375
0.00391
0.004087
0.000803
0.0010795
0.001309
0.0014335
0.0017375
0.0019995
0.002281
0.0023485
0.002641
0.0026325
0.002782
0.003001
0.003204
0.0032765
0.003467
0.0033265
0.0036175
0.0036375
0.003755
0.003862
0.000812
0.0010305
0.001288
0.0014875
0.0017425
0.001923
0.0020585
0.0023515
0.002381
0.0025805
0.0027055
0.002888
0.003039
0.003094
0.0032345
0.0033125
0.0035695
0.003746
0.003769
0.003805
