0.0394724061978
0.0323587652144
0.0271456795856
0.0227670813175
0.0198290238165
0.0176251120812
0.0157618718562
0.0145480371852
0.0131387431276
0.0121271011518
0.0112781163998
0.0103128513937
0.00990088666331
0.00913934752828
0.00865487134468
0.00817319158667
0.00779653611653
0.00723115962417
0.00700530468143
0.00668281047584
0.063925298161
0.0527479774589
0.0441569354919
0.0385146660688
0.0341705759176
0.0301641542423
0.0282424312086
0.0252255797716
0.0238400416926
0.0219095876652
0.0198296449042
0.0190223572783
0.0182995838988
0.0169585493484
0.0159800919992
0.0150696392817
0.0146217483528
0.0141354543554
0.0131630293769
0.0127376111733
0.083024873752
0.0687410331674
0.0585611621065
0.0505159959175
0.0455052173996
0.0427304386721
0.0383892941646
0.0342666306142
0.0324218742354
0.0302422660309
0.027832787103
0.0264386734052
0.0248573405899
0.0231626452846
0.0232535281705
0.0217131887391
0.0207491741209
0.0192701974067
0.0186823999548
0.0180542051403
0.0975227277769
0.0796341215519
0.0693238802796
0.0633741904711
0.0569271539922
0.0503938772439
0.0457522083615
0.0433089461818
0.0400912733788
0.036996233808
0.0352118632858
0.0333277031522
0.031681907728
0.0295016399917
0.0282063853435
0.0271706483767
0.0259149916516
0.024870439273
0.0239436860654
0.0232206302956
0.109396457398
0.0934571487811
0.0800535194311
0.0721950387276
0.0646099323339
0.0602545900239
0.0546753296114
0.0497339031604
0.0482532894688
0.0438350063076
0.0422389003218
0.039431731295
0.0369738507959
0.0357536613604
0.0336685433214
0.0325285748477
0.0307846113034
0.030097250875
0.0288397601498
0.0277589445624
0.120895713581
0.101809717016
0.0892265222419
0.0816420690446
0.0722633404313
0.0668606696301
0.0633078894839
0.056375013839
0.0530051325495
0.0517958006368
0.0475494444939
0.044606575665
0.0418924382748
0.0406025520413
0.0402201289902
0.0375379439683
0.0359420911732
0.0339767809624
0.0324103060077
0.0321334502778
0.130752891919
0.11187302293
0.0965784195644
0.0885828007965
0.0807409802065
0.0737731923722
0.0672359949386
0.0640496561367
0.0587750437064
0.0562286922651
0.0525919153868
0.0501031016378
0.0474764087253
0.0447308326523
0.0439180074861
0.0427867386517
0.0399831626093
0.0394714773311
0.0366565879523
0.0365355649739
0.136700366051
0.116698927415
0.103511103669
0.0930100245827
0.0868961362439
0.0804830537064
0.0735909275678
0.069317209114
0.0646867016906
0.0611582888187
0.05998783858
0.0550042077987
0.0525989639609
0.0493875917405
0.0487095435002
0.0473116351152
0.0437473140749
0.0428186754007
0.0408963357221
0.0399966913566
0.146266242882
0.128125042449
0.109408308723
0.100387734345
0.0919039855348
0.0854599026414
0.0797004243116
0.0746656208962
0.0713469348576
0.06704884604
0.0636966959095
0.0589535159022
0.0568372175245
0.0537718565649
0.0530520267
0.0491546120584
0.0488912263578
0.047080854279
0.0453622198662
0.043359875829
0.157927655316
0.133244346881
0.11932466076
0.110284530401
0.0977557811885
0.0921085290515
0.084352156039
0.0786221374376
0.074939248155
0.0698686801553
0.0670797088895
0.0644558489024
0.0617222429964
0.0586616819797
0.05658922067
0.0550927505864
0.0525882194725
0.0499629079261
0.0495753686194
0.0478209852377
0.166271357989
0.141438757452
0.128106598046
0.114017147032
0.104350866218
0.0958437571875
0.0881221875426
0.0864356484879
0.0796367123183
0.0757284174651
0.0710967391321
0.0690740412623
0.0652957427614
0.0618669238323
0.0620904722683
0.0590641825589
0.0563422805615
0.0544846877642
0.0530403430599
0.0497713659514
0.172878911916
0.148659812137
0.133556450409
0.123407472726
0.111226534824
0.103856778419
0.0937469624464
0.0910335642742
0.0825095833923
0.0805952637791
0.0796415454025
0.0714292018628
0.0720447189041
0.0676659050309
0.0652790656825
0.0642266233267
0.0608998821897
0.0574894570251
0.0556280524246
0.0541784828933
0.184244586566
0.155835741853
0.135845863206
0.124507794216
0.115941569468
0.106076072681
0.100917756438
0.0955662061629
0.0904276004284
0.0865434330715
0.0825439800385
0.0769074755345
0.075411890084
0.0716908782984
0.0675832440159
0.06647072842
0.0627838125697
0.0631890183458
0.058750224222
0.0581580060874
0.190901344531
0.16136508934
0.145010373416
0.131349280401
0.123806922715
0.113716399069
0.10794700713
0.100286970799
0.0937554798066
0.0876637328492
0.08399369158
0.0810375901378
0.0786719375803
0.0745314595733
0.0727177112614
0.0691052405232
0.0679575171665
0.0646410705784
0.0624576728787
0.0595818060255
0.197035885662
0.167934186094
0.148206867711
0.136193465434
0.128391534202
0.117563359736
0.110197420526
0.103837441929
0.0989058741052
0.0941081001434
0.0913851238787
0.0847685515843
0.0823944242558
0.0782196784962
0.0765022083008
0.0718089825489
0.0690340583696
0.0681459804757
0.0674944449259
0.0644098223524
0.209206775681
0.174663973709
0.156636248522
0.145229858383
0.1331436934
0.122408194951
0.113741967554
0.109354409296
0.102510126907
0.0985447817181
0.093767802839
0.089906889428
0.0861580910038
0.0829212381524
0.0811829858199
0.0767966294772
0.0728573516794
0.0709202368916
0.070270548553
0.0675219073468
0.213884846943
0.18428263852
0.163639416198
0.148864317202
0.138848133935
0.126439237493
0.118923335642
0.111790061981
0.10870206393
0.104877040849
0.0987547309399
0.0935525254063
0.0893045906597
0.0857743104254
0.0833081183741
0.0804547693241
0.0790203745694
0.0746314739357
0.0723101228161
0.0705115107681
0.222746185229
0.189185419834
0.166721474641
0.151894837139
0.141288776823
0.131928174037
0.12495599234
0.116477912152
0.113335249741
0.105486299945
0.101766798893
0.0963292110127
0.092305849386
0.0892347790496
0.0866058932645
0.0841320937983
0.0818236589763
0.0786262339519
0.077139110729
0.0749005567731
0.232639796741
0.195864640811
0.173869626469
0.156028147789
0.146940949439
0.139540009552
0.131087592848
0.122013621899
0.118544391754
0.109568466067
0.104188514508
0.102660046864
0.0986764711614
0.0938873199453
0.0926679468913
0.0852996318441
0.0851197322123
0.0808847617978
0.0792836052053
0.0772690252355
0.242892148107
0.203589252516
0.178477587699
0.163847234483
0.152772552184
0.145274057459
0.135139836134
0.12904671986
0.117420161191
0.114009895869
0.108110108862
0.103639481654
0.102647225745
0.09607153963
0.0928536032829
0.0905889300519
0.088131547929
0.0868793391814
0.0836295164581
0.0794854950669
