0.00683791276633
0.00768970537472
0.00575548859785
0.00645450470602
0.00605610435841
0.00726467581864
0.00641898455754
0.00647299389773
0.00579829293844
0.00610416775654
0.00656552623557
0.00539451784222
0.00678839264848
0.00783524249784
0.0061099775777
0.00687531919259
0.00574592227149
0.0059871265228
0.00651787563168
0.00593326638539
0.00527311814774
0.00525457940753
0.005830278381
0.00582612486993
0.0048135386152
0.00530649639593
0.00679653476045
0.00662373603037
0.00582351378036
0.00683056908317
0.00602587304878
0.00554832071441
0.00724890446895
0.00631318548753
0.0056777112246
0.00561053194893
0.0074660715239
0.00625180923813
0.00663414651632
0.0053144048585
0.00848902621035
0.00641622496099
0.00749997551663
0.00443050276492
0.00468976534594
0.00839595235813
0.00515282201808
0.00540822882282
0.00565807423069
0.00484736155037
0.00598179477665
0.00620349649391
0.00826929416577
0.00542569801961
0.00848616633115
0.00683832309488
0.00666330389146
0.00630497444483
0.0062467011294
0.0068792567004
0.00560021916982
0.00347474373156
0.00372978873396
0.00617016229527
0.00663144848431
0.00501794031451
0.00604181545564
0.00622592290347
0.00680739265431
0.00492023828183
0.00468159361222
0.00583114694979
0.00631975828256
0.00499829480923
0.00539719732824
0.00678020300212
0.00658971744463
0.00603746260858
0.00507374013919
0.00529827507308
0.00504204333579
0.00444873172938
0.00585903599153
0.00542522589391
0.00725833608687
0.00557065651427
0.00561359802177
0.0063039402559
0.00812922351766
0.00486204432312
0.00583335872375
0.00572658561012
0.0054097466669
0.00651697813407
0.00564955874383
0.00703652534992
0.00608577439608
0.00477217484487
0.0055664598265
0.00606099156492
0.00507193501043
0.00427200374532
0.00440631055987
0.0062142361558
0.00417721845251
0.00598915803765
0.00503987289026
0.0048387373353
0.00665066303086
0.00754566604085
0.00442718522314
0.00661175876753
0.00535819008621
0.00633943552298
0.0086407242752
0.00645445125475
0.00626323197319
0.00713475956147
0.00421629268434
0.00552332970227
0.00453671166706
0.00540453187149
0.00431224567366
0.00513061582561
0.00533450363202
0.00510135714786
0.00640189962043
0.0048545929541
0.00482039259293
0.00597019170546
0.00425601841514
0.00465596810556
0.00573478997
0.00516227360278
0.00617504532372
0.00625728813065
0.00630913036797
0.00656318861149
0.00535341692286
0.00620873841855
0.00373048736762
0.00500873976166
0.00549437212063
0.00505685205933
0.00462079268092
0.00673087847164
0.00355753605041
0.00389150035333
0.00519801546265
0.00536703761399
0.0055601640938
0.00644994455403
0.00552977962942
0.00606412269005
0.00649387873308
0.00556697682769
0.0052034061921
0.00560287015734
0.00637033546997
0.00629182952328
0.00403070514923
0.00492549010252
0.00301442776493
0.00509874344814
0.00389043943533
0.0048043278406
0.00428725145052
0.0059616761695
0.00485745087469
0.00568248350196
0.00600631906828
0.00497357705781
0.00393612992037
0.00415534171278
0.00587445169782
0.00447185151811
0.00452640240699
0.00503008277765
0.00602157477326
0.00625110012318
0.00560949576611
0.0046341200621
0.00608296660767
0.00618519059933
0.00473009711845
0.00426543488404
0.00553638589244
0.00524975561336
0.00538411113834
0.0056296619792
0.00505303760128
0.00427687301074
0.00556898186386
0.0039250236942
0.00452404586626
0.00601305379986
0.00448146460435
0.00579453058927
0.0071397293191
0.00640297686627
0.0064037909866
0.00594343038573
0.00489471089545
0.00680069437631
0.00362235917601
0.00541311315234
0.00419151225693
0.00507236769172
0.00586071964438
0.0059616582215
0.00436493688385
0.00487743897963
0.00427890570123
0.00536066516395
0.00674818751592
0.00651644955094
0.00444225649304
0.00500683572728
0.00445711745414
0.00568336984104
0.00378340455146
0.00721766749026
0.00450405139846
0.00511580343152
0.0049395814347
0.0039600548923
0.00539015639847
0.00470714507425
0.00371884992303
0.00388768732668
0.00710983085242
0.00498426371192
0.00365755642472
0.00608551353626
0.00551770640756
0.00852025739048
0.00591013559489
0.00619041912959
0.00490219591102
0.00420513076491
0.00502798558073
0.00424502520605
0.00534105429667
0.00418345775047
0.0058015379642
0.00367511941983
0.00410116480405
0.00729978237689
0.00643892428904
0.0060715191468
0.00744672914775
0.00562428662143
0.00444211762564
0.0059470013242
0.00517843052961
0.0052343928731
0.00538520795792
0.00679184545981
0.00665209583515
0.00528309814408
0.005740827706
0.00358968699889
0.00420748912655
0.00521007723071
0.00556163220197
0.00513356296835
0.00485552600137
0.00700113562217
0.00405189165699
0.00577598517571
0.0042675307556
0.00523757756506
0.00430283034757
0.00475837627243
0.00644796345756
0.00551264480535
0.00614262311639
0.00614072544574
0.00485917634481
0.00442871550226
0.00435370818958
0.00489900221984
0.00585798282261
0.00327365911481
0.00621389915834
0.00572368552595
0.00494961119685
0.00550967975476
0.00528304540488
0.00696954838924
0.00437510717012
0.00569020421426
0.00708963369999
0.00517556286794
0.00530696417455
0.00464652827388
0.00347153636737
0.00553970495604
0.00552248266181
0.00559393680694
0.00499509869772
0.00313115549758
0.00296414338385
0.00610691255873
0.00570420623312
0.0053887164288
0.00383953122139
0.00555870657168
0.00355520590121
0.00594467198422
0.00655236405811
0.00548547983316
0.00830707553836
0.00502654998483
0.00452292770227
0.00445445282835
0.00328926663559
0.0054298820199
0.00522369361659
0.00469982648616
0.00374341885848
0.00661568082286
0.00464033737998
0.0037304751373
0.00544139639707
0.00365573877623
0.00450399278419
0.00537496279057
0.00689650583629
0.00440616531124
0.00421526330732
0.00482944551683
0.00507175019101
0.00545919398813
0.00446169527758
0.00570841876092
0.00680173095616
0.00472174713427
0.00631621278932
0.00456229599544
0.00565991245515
0.0065646168205
0.00420669632847
0.00488515657374
0.00341406923626
0.00438290072327
0.00468754463979
0.00477949641699
0.00521290367741
0.00327547168359
0.00425670679634
0.00622701903
0.0042792243456
0.00515132203905
0.00564042232461
0.00575308821417
0.00502997204267
0.00590586572824
0.00439273832592
0.00522981175569
0.00377742518126
0.0051905977257
0.00452189329817
0.00392704758693
0.0042733439775
0.00535626966741
0.0092382649345
0.0053985111605
0.00566900511554
0.00475581946146
0.00438950179405
0.00553055141916
0.0048538009848
0.00495625087642
0.00650714307511
0.00432963887062
0.00683875491226
0.0050799821604
0.00451973173983
0.00512212904953
0.00441074324803
0.00458011405426
0.0059013605211
0.00481307788738
0.00624598420987
0.00363583841775
0.00363994543228
0.00595069934966
0.00414515850119
0.00557231053962
0.00343003567766
0.00469376778292
0.00427618159109
0.00527697015341
0.00536373328476
0.00474810159432
0.00612117592869
0.00551221226006
0.004905623202
0.00484558819959
