0.0162432823198
0.0110527350608
0.00854874441334
0.00635575629319
0.00526318926849
0.00398553899145
0.00363269408717
0.00331425195664
0.00288055454131
0.00235556211275
0.00202605232815
0.00200973069788
0.00161789425424
0.00140259392956
0.00144200188262
0.00117319584373
0.00117887381939
0.00103398211939
0.00102100756931
0.00105487054356
0.0232573742046
0.0170831151722
0.0124593944247
0.0100743305756
0.00840444804916
0.00691962256811
0.00537516857905
0.00491404480928
0.00450635123517
0.00371266873308
0.00347502796399
0.00348848063572
0.00276503526233
0.00289461321024
0.0024530129408
0.00219389767329
0.00180158251931
0.00198310476265
0.00180338993181
0.00190846496531
0.0257586372248
0.0200199198705
0.014354141894
0.0130129634052
0.0102583389904
0.00789351472032
0.00777960303879
0.00674809087617
0.0060075736504
0.00586108758406
0.00495010009871
0.00398223266237
0.00303085997818
0.00355996908693
0.00282583264357
0.00314468658173
0.00285613823908
0.00248979053738
0.00241791749857
0.00220387111026
0.0297207813583
0.0218947205998
0.0182133859565
0.0139242229462
0.0107745075931
0.0110928962622
0.00753653685391
0.00737421515906
0.0070166918262
0.00634133605165
0.00625327470537
0.00522161803827
0.00470728973102
0.00405806177052
0.00419497031089
0.00369479257312
0.00344416529549
0.00323990407611
0.00310572468729
0.00323081027619
0.0314870700902
0.0243666663791
0.0180600437873
0.015065657941
0.0115137489123
0.0112415515659
0.00954681705438
0.00842350791296
0.00744283429747
0.00741550273804
0.0066296825273
0.00590858773371
0.00529074277233
0.00464565000974
0.00457177342795
0.00379197707533
0.00420284752276
0.00453537274399
0.00365125923162
0.00348886467076
0.0313927468432
0.0257568634778
0.0198378599911
0.0158620945904
0.0149134064889
0.0110615935676
0.0107225880641
0.00967496410635
0.00802365030076
0.00780093707609
0.00801644197108
0.00581040722888
0.0058576019876
0.00509302445919
0.00446054708242
0.00476823349639
0.00461126686866
0.00388302480516
0.00485969140215
0.00425365152913
0.0347395958719
0.0257129581719
0.0202427259795
0.017720443633
0.0146855410928
0.0137200817664
0.0105275137278
0.0098490538218
0.00930966346722
0.0084696266939
0.00819888662384
0.00783175250726
0.00601266519277
0.00590286668859
0.00564218541034
0.00520144694874
0.00476711625334
0.0042752145573
0.00473749386106
0.00376463046078
0.0359311387663
0.025887056497
0.0214754485527
0.0182007620561
0.0159000297758
0.013333927468
0.0126497704916
0.01186476113
0.0100656616434
0.00843306464897
0.00813796834414
0.00733324030475
0.0062820319069
0.00598072091021
0.00586510437204
0.00586484522561
0.00524744597712
0.00468157102621
0.00418049010555
0.00464722757428
0.0344062608679
0.0260417195816
0.0220027422255
0.0195583991708
0.0158533348235
0.0136103091979
0.0126530805528
0.0107005712096
0.0115253513811
0.00907179990918
0.00847373054112
0.00828049860629
0.00766688588715
0.0075321100311
0.00592065192214
0.00636085696837
0.00648251610431
0.00553602926991
0.00490564572115
0.00481448295194
0.0344881126811
0.0270441077945
0.0204834371632
0.0189054685088
0.0171220515928
0.0157515922586
0.0127874584283
0.0119084753737
0.0102169958439
0.009596530786
0.00964131577098
0.00818738797602
0.00774079042337
0.00800587812473
0.00730560838516
0.00624190269653
0.00632931572636
0.005183986198
0.00511670774095
0.00514840100299
0.0350450946342
0.0284813175605
0.0247838568071
0.0176570419977
0.0188916664063
0.0153432877023
0.0147140619104
0.0117846999581
0.0101422883427
0.0102777511155
0.0105248894586
0.00943636585338
0.00857731961161
0.00728052436944
0.00689081250193
0.00660656201412
0.00604568019583
0.00616566956292
0.00652526962938
0.00535937038436
0.0381903917073
0.0261406107392
0.0238705684367
0.0208877380612
0.0174310813046
0.0177664175307
0.0126966832359
0.0129319184497
0.0119175068272
0.0114413355752
0.0088780133991
0.00973907634633
0.00998338200568
0.00782561892581
0.00736669899757
0.0056341131976
0.0073350584609
0.00594871218387
0.00658931843732
0.00682333381743
0.0376729556024
0.0298787865539
0.0236121816107
0.0211754274557
0.0169064623215
0.0167986603126
0.0154875314975
0.011430896018
0.0103652690519
0.00990816717614
0.00901976163989
0.00889470516216
0.00974035157768
0.007502080442
0.00740771169831
0.00775252609682
0.0068431990256
0.00561961066962
0.00571146110635
0.00582831161508
0.0394826041331
0.029849656473
0.0244403339634
0.0204746357541
0.0194257581074
0.0169113416273
0.0154828242381
0.0119170287052
0.0128248456488
0.0106983663127
0.0113124137448
0.00964189180874
0.0105854297694
0.00951066232422
0.00684952958391
0.00721912131413
0.00706545457785
0.00653418758604
0.00773055972376
0.00675418329785
0.0415129975217
0.0292003641264
0.0239231486427
0.0234326309335
0.0164851610399
0.0151192523412
0.0148231176737
0.0131021968184
0.0124254834538
0.0099882129639
0.0117448006117
0.0093658411869
0.00770724731793
0.00824421485696
0.00750064508782
0.00797861322125
0.00880419626122
0.00687178024131
0.0068600863381
0.00616112872858
0.0422208937711
0.033295078786
0.0276901949039
0.020721106923
0.0180022069481
0.0176783956854
0.016302026301
0.0128105325486
0.0142235920373
0.0113591266866
0.0106359715442
0.0101759292755
0.00724394053597
0.00952991906075
0.00944475894891
0.00953430860428
0.00975452520015
0.00764041680079
0.00689125049951
0.00730564460601
0.0439371152525
0.0303543754469
0.026518808176
0.0249077141062
0.0185314985789
0.0191280919156
0.0155080244624
0.0145487230008
0.0117389833264
0.0126074242559
0.0120832218711
0.0106753445103
0.0101616532947
0.00904898529025
0.00919219521336
0.00891279100088
0.00676293795149
0.00853729462786
0.00703244927149
0.00814175444612
0.0457445943491
0.0280591173264
0.0276907757792
0.0223891100828
0.0209429994924
0.0179086126111
0.0162197668419
0.014715077327
0.012612027531
0.014961350924
0.0134166727946
0.00904087919445
0.0110125554492
0.00967036563955
0.0085117608294
0.00908907890915
0.00825309011822
0.00739327767378
0.00852981797982
0.00858009369243
0.0462504172133
0.0336941473314
0.0278491024706
0.0254903079061
0.0208246635698
0.0174141081642
0.0115401041739
0.0138037635545
0.013219635285
0.0128491753405
0.0125169948581
0.0121566440622
0.0108933062353
0.00987164306702
0.00881826306011
0.0103779030274
0.00802542167891
0.00826268084857
0.00816530104843
0.00810676499947
0.0462721901009
0.033648517244
0.0255212938865
0.0241186071789
0.0204228883947
0.0203715215591
0.0172508671789
0.0138217936403
0.0139906583469
0.0123036588046
0.0134998362242
0.011863830433
0.0121398886755
0.00946241026647
0.00897592813144
0.00980701096791
0.00782859093703
0.00893189984618
0.00844814046512
0.00840721949444
