0.0102834624519
0.0112453645561
0.0082616947414
0.00905823029074
0.00942826898216
0.0102478194754
0.00878926140242
0.00891907865197
0.00857493533503
0.00876568103458
0.00882062378747
0.00753089928229
0.00950710134584
0.0100782585797
0.00849729933567
0.00960645949349
0.00781332810011
0.00881123283088
0.00988928207708
0.0081118392489
0.00856531984225
0.00851480475407
0.00868575753749
0.00876530866542
0.00716351422139
0.00772829890726
0.00887681812363
0.00953888442115
0.00805023502762
0.00980256517448
0.00891198833033
0.00849470799969
0.0104148209778
0.00942571185641
0.00788617118759
0.00770231134141
0.0106262352694
0.00888492543582
0.00908426683888
0.00755442228102
0.0114543216298
0.0109319485912
0.0106555705619
0.0073389764954
0.00713693603726
0.01148067228
0.00798603255691
0.00805379016364
0.00833189054177
0.00769167732032
0.00877033613951
0.00875942349701
0.0113155461203
0.0078122406517
0.0116926479465
0.0094249326788
0.00920550509206
0.00959897723719
0.00828235208138
0.0093619269384
0.00891325731705
0.00561614636561
0.00617996634295
0.00906926656351
0.00889586780477
0.00824805892316
0.00800772527001
0.00874981051223
0.0106093111935
0.00733937626778
0.0071889403948
0.00822252978103
0.00892378820905
0.00720253594229
0.00790318922967
0.00950846591202
0.0098150519102
0.0081219630632
0.00734193326039
0.00776989549479
0.0081317301972
0.00719574207431
0.00845834404597
0.00793222566497
0.00971520540184
0.00891863913386
0.00783108957936
0.00868939583631
0.0118507019201
0.00786061040887
0.00871544009216
0.00915152096648
0.00782213372425
0.00880242602923
0.00803349463185
0.00974433496961
0.00837860585062
0.00736136291729
0.00779284287022
0.00942226384687
0.00819792559127
0.00734280491366
0.00696726603482
0.00892594510402
0.00747697131197
0.00938117604568
0.0078877857476
0.0078059718165
0.00927176358629
0.0107909658511
0.00699568438396
0.00976537065349
0.00822513489251
0.00890688250736
0.0132622737115
0.009166346055
0.00931377882495
0.00949741775432
0.00715561290177
0.00799676334525
0.00742880986431
0.00894164973593
0.0070393212741
0.00786324385988
0.00788589094523
0.00861770711965
0.00983452591638
0.00747366014748
0.00780746591411
0.00922769743761
0.00718463332398
0.00732985566024
0.00785689277005
0.00765347398245
0.0094797544272
0.00907880410627
0.00952995508909
0.00848609474376
0.00844856342818
0.0086201011595
0.00652048433784
0.00823204081623
0.00878629751374
0.00778711859419
0.00759667585198
0.0100335804178
0.00620169363964
0.00666006726693
0.00789326396366
0.00800837161975
0.00782521335172
0.0095311067563
0.00776847449632
0.00901708689101
0.00927325164115
0.0083402395649
0.00801752555344
0.00802122185206
0.0093763651806
0.00953700917479
0.00682010996979
0.00720966545687
0.00575832579835
0.00815789458132
0.00659533289531
0.00720044970818
0.00683053702135
0.00906824679858
0.00825436102918
0.00847809672037
0.0090071480503
0.00732851854061
0.00641331458764
0.00712541900522
0.00854626842546
0.00698978082632
0.00684899379471
0.00777441213212
0.00949472190219
0.00936168254108
0.00749250291959
0.00701139044698
0.00879703222684
0.00936297794508
0.00784682636484
0.0077878805846
0.00886204017143
0.00791748924849
0.00820333688203
0.00925153803429
0.00780214816573
0.00639581237999
0.00847855742447
0.00694904425083
0.00725226888636
0.0093095260889
0.00695094209442
0.00834380704475
0.00977192120312
0.00883885603458
0.00875709449532
0.00824220237558
0.00830104065765
0.00844093336071
0.00623068888647
0.00881981292319
0.00703516282683
0.00779947075128
0.00941384172376
0.00994415989413
0.00794369586528
0.00817843603631
0.00691417413723
0.00835190421401
0.0100185306308
0.00933594858598
0.00645600836431
0.00731686790915
0.00703352514746
0.00796843246818
0.0062568861265
0.0101631538412
0.00716088709588
0.00786765632193
0.00763593504425
0.00709473494924
0.00807017694973
0.0077805357142
0.00613270935232
0.00665170173715
0.00979971652651
0.00863553125175
0.00648023950175
0.00907017618351
0.00813380993139
0.0121724178371
0.00925305225318
0.00901576397207
0.00773114713351
0.00714278489106
0.00805050656791
0.00672935390658
0.00828258027429
0.00678513080198
0.00892210737438
0.00639903117667
0.00685415932117
0.00992040321761
0.00859354990676
0.0086382970544
0.0105907013932
0.00834622669234
0.00696367115823
0.00921360276982
0.00771555727087
0.00788796957398
0.00818669066229
0.0092929261269
0.010604740638
0.00794841644606
0.00900435450213
0.00632144888455
0.00661316112007
0.00789923414009
0.00947788246393
0.00785743444134
0.00774647171298
0.0105173264664
0.00691203327538
0.00841750651915
0.00652392519884
0.00851168514455
0.00707646691506
0.00780039383621
0.00912965366265
0.00833452482149
0.00928289265262
0.00932158784757
0.0085897173411
0.00679815151346
0.00735892274725
0.00714468081862
0.00927722027334
0.00595956374242
0.00856711736817
0.00874851553122
0.00726872753651
0.00794179098189
0.00791554900181
0.0105070222233
0.00713505683229
0.00847952262807
0.0103075263764
0.00780678551005
0.0079401307294
0.00696915346366
0.00615921131315
0.00838583663089
0.00837423166625
0.00803029264722
0.00759207481523
0.00529759794624
0.00516504365906
0.00885181540702
0.0090590796442
0.00932783597626
0.00663520157945
0.00821027746182
0.00615131173003
0.0096464648447
0.00981292596528
0.00837195317713
0.0125680985038
0.00765466237009
0.00687688417817
0.00741357970214
0.00579904681823
0.00858842267241
0.00759732031706
0.00747872288563
0.0065699388125
0.0115843292426
0.00692246747916
0.00642570431937
0.00776916443384
0.00665426900568
0.00719558642502
0.00839729932776
0.00977103372218
0.00689639790035
0.00668244835371
0.00738969309241
0.00782587784213
0.00783056856173
0.00714848767223
0.00856015513878
0.0100408963743
0.00785014241909
0.00959940331479
0.00772582681659
0.00867118999907
0.00869611407469
0.00710317647254
0.00759332628036
0.0060209248459
0.00700360450054
0.00739089818628
0.00771769499268
0.00742868386728
0.00618205920386
0.00748330301404
0.0086834120022
0.00720139403171
0.00796666956764
0.00813514253102
0.00914284397767
0.00725933192518
0.00920215192224
0.00729431998201
0.00869855413273
0.00687728405695
0.00853498096073
0.00756982932436
0.00671158371772
0.00662038397678
0.00802197257537
0.0137974401974
0.00831444910983
0.00761774874881
0.007650124182
0.00760749630299
0.00891069716689
0.00770113212456
0.00755681308489
0.00893722641539
0.00772333477198
0.0110054466515
0.0076806924167
0.00673530964396
0.00824613630739
0.00694252374861
0.00733684509854
0.00934594050912
0.00795452072723
0.00973416149445
0.00589791013835
0.0059556641947
0.00814929960181
0.00695177790209
0.00799427194934
0.00586238859169
0.00797810102719
0.007070118528
0.0081668020669
0.00781554451078
0.00720873775359
0.00909084704524
0.00818326365211
0.00772055542043
0.00759789734071
