0.01032
0.011076
0.01142
0.011908
0.012088
0.012486
0.012622
0.013006
0.012978
0.013094
0.013186
0.013166
0.013468
0.013552
0.013352
0.013456
0.013648
0.013224
0.01341
0.013508
0.008464
0.00939
0.009796
0.010558
0.011008
0.010914
0.01161
0.011678
0.011846
0.012154
0.012092
0.012456
0.012748
0.012634
0.012548
0.01268
0.012818
0.01291
0.013064
0.013052
0.007254
0.00845
0.008896
0.009368
0.009988
0.010642
0.010722
0.010908
0.01106
0.01129
0.011302
0.01175
0.011804
0.011664
0.012272
0.012262
0.012474
0.012194
0.012262
0.012518
0.006562
0.00733
0.007996
0.008898
0.009244
0.009718
0.009844
0.010396
0.010754
0.010666
0.010944
0.010998
0.011502
0.011426
0.01146
0.011726
0.011734
0.011846
0.011996
0.012418
0.005842
0.006964
0.007696
0.008214
0.008528
0.009374
0.009494
0.00972
0.010192
0.010202
0.010652
0.010608
0.010668
0.011036
0.011158
0.011456
0.011342
0.011656
0.01154
0.011788
0.005496
0.006404
0.007198
0.007748
0.00847
0.008744
0.009094
0.009298
0.00968
0.010084
0.01022
0.010256
0.010534
0.010538
0.010936
0.01099
0.011218
0.011084
0.011302
0.011424
0.004972
0.00607
0.006634
0.007586
0.008082
0.008318
0.00849
0.009102
0.009426
0.00956
0.009638
0.009904
0.010106
0.010156
0.010516
0.010646
0.010866
0.010986
0.011076
0.011184
0.004722
0.005752
0.006324
0.006972
0.007754
0.008208
0.008386
0.008748
0.008872
0.009272
0.009506
0.009502
0.009798
0.009988
0.010298
0.010602
0.010222
0.0108
0.010576
0.010884
0.00451
0.005418
0.006178
0.006734
0.007172
0.007782
0.008042
0.00843
0.008782
0.009126
0.009278
0.009396
0.009586
0.009898
0.009964
0.009842
0.010278
0.010246
0.010484
0.01053
0.00428
0.005102
0.005832
0.006738
0.007146
0.007554
0.007662
0.008058
0.008708
0.008638
0.008978
0.009172
0.009508
0.009472
0.009686
0.010082
0.009898
0.010122
0.010334
0.010432
0.003964
0.00491
0.005918
0.006238
0.006746
0.00727
0.007522
0.007984
0.008328
0.008678
0.008736
0.009072
0.009014
0.009264
0.009638
0.010008
0.009866
0.009962
0.010218
0.010078
0.003876
0.004952
0.005736
0.006228
0.006636
0.007144
0.007338
0.007792
0.007874
0.008308
0.008834
0.00866
0.009136
0.009352
0.009444
0.009838
0.009968
0.0098
0.009942
0.010068
0.003688
0.004714
0.005308
0.0059
0.0066
0.00682
0.00735
0.00764
0.00793
0.008268
0.008638
0.00855
0.008778
0.009218
0.009224
0.009456
0.009436
0.009782
0.009574
0.009974
0.00364
0.004722
0.00531
0.00591
0.006412
0.006918
0.007276
0.007438
0.007786
0.007828
0.00812
0.008404
0.008704
0.008816
0.009132
0.009236
0.009648
0.0096
0.009734
0.009444
0.003516
0.004256
0.005072
0.00554
0.00635
0.006574
0.00684
0.007366
0.007578
0.007978
0.008342
0.008264
0.00853
0.00871
0.009018
0.00897
0.009046
0.009412
0.009662
0.00972
0.00342
0.004384
0.005018
0.005558
0.006226
0.006574
0.00671
0.007188
0.007442
0.007846
0.007978
0.00828
0.00847
0.008512
0.008908
0.008906
0.008916
0.009386
0.009582
0.009552
0.003352
0.004354
0.004962
0.005482
0.006078
0.006448
0.006756
0.006942
0.00753
0.007764
0.007878
0.008294
0.008306
0.008514
0.008682
0.009088
0.00918
0.009208
0.009384
0.00954
0.003408
0.00424
0.004878
0.005414
0.005908
0.006282
0.006568
0.006928
0.007216
0.007512
0.007724
0.007934
0.008118
0.008276
0.008616
0.008898
0.00889
0.00902
0.009336
0.009466
0.003158
0.00399
0.004822
0.005238
0.005754
0.006134
0.006762
0.006956
0.007148
0.00734
0.0077
0.008074
0.008242
0.008476
0.008728
0.00859
0.009012
0.008842
0.009098
0.009394
0.003058
0.003948
0.004586
0.00516
0.00589
0.006216
0.006492
0.006946
0.006972
0.007296
0.00762
0.007852
0.008132
0.008188
0.008292
0.00851
0.00885
0.008986
0.008968
0.009134
