-1.06374743394
-1.05389654809
-1.0452033473
-1.04069442485
-1.03321234402
-1.03521047401
-1.03020913562
-1.02704673247
-1.02521017887
-1.0261109689
-1.02361556282
-1.02184073664
-1.01981246662
-1.01891504181
-1.01600033191
-1.01733750949
-1.01546763863
-1.01644837357
-1.01706084143
-1.01530285973
-1.11650899253
-1.09488467905
-1.07795389904
-1.06593360451
-1.05685224953
-1.05463035771
-1.04735026517
-1.04733477083
-1.04296449518
-1.0378955647
-1.03660989138
-1.03160575741
-1.0347440556
-1.03096488423
-1.03181479281
-1.02970518516
-1.02804373336
-1.02891205096
-1.0255565712
-1.02557042235
-1.17162034573
-1.13572691476
-1.11169298518
-1.09215871345
-1.08129480033
-1.07311629281
-1.06316718948
-1.05993576626
-1.05483358656
-1.0519868901
-1.04885722968
-1.04756825925
-1.04328526664
-1.04039671797
-1.04076373729
-1.03980710521
-1.03673089985
-1.03723692967
-1.03326664931
-1.03497234642
-1.22188853489
-1.17531030346
-1.14343558881
-1.12145612728
-1.1026228786
-1.09116957566
-1.08151040194
-1.07445088361
-1.06775355883
-1.06498974704
-1.05906442247
-1.05705446185
-1.05280372611
-1.0526146056
-1.0487961756
-1.04508675486
-1.04517557113
-1.04222514861
-1.042729121
-1.04253106933
-1.25973136345
-1.22183557291
-1.17286400866
-1.14552031404
-1.12409634554
-1.10951324728
-1.09634688
-1.08639778191
-1.08194980068
-1.07181515189
-1.06943552302
-1.06678229493
-1.05945639345
-1.06032827789
-1.05884939914
-1.04965015097
-1.05216971879
-1.04985759083
-1.0478043868
-1.04618920926
-1.32449304814
-1.26299623652
-1.20739933869
-1.16998821052
-1.14685380377
-1.12705973074
-1.11231129879
-1.10341396068
-1.09364025052
-1.0852027333
-1.0802799197
-1.07520505997
-1.07146484984
-1.06713699426
-1.06646242999
-1.06112105251
-1.05787491536
-1.05696049182
-1.05326396472
-1.05124452943
-1.40939072259
-1.30407019496
-1.24279022408
-1.19861451637
-1.16757441953
-1.14532817213
-1.12655356618
-1.11446061844
-1.10391677861
-1.09787775216
-1.08889622416
-1.08455213154
-1.07835332755
-1.07272905532
-1.07129378871
-1.06777136366
-1.06730733809
-1.06230867379
-1.06054385313
-1.05621149413
-1.51728075066
-1.32603169549
-1.27040768984
-1.22350491406
-1.18610544638
-1.16136750234
-1.1421647783
-1.127066981
-1.11726769898
-1.10703216823
-1.09720008283
-1.09281871582
-1.08612752001
-1.08313492773
-1.07883638294
-1.07265428307
-1.07158086058
-1.06726004787
-1.06593819332
-1.06140964742
-1.63916371362
-1.37851178594
-1.30442273903
-1.24746796408
-1.20696076554
-1.18000556979
-1.15843352473
-1.14167214404
-1.12760400452
-1.11812814986
-1.10681263822
-1.10042593377
-1.09343203527
-1.08943071557
-1.08409799266
-1.08235865649
-1.07801748836
-1.07357583361
-1.07076650818
-1.06892271091
-1.69011621124
-1.40729277607
-1.33241624759
-1.27530704081
-1.22767546493
-1.19696888001
-1.17074785415
-1.1528578865
-1.1398539676
-1.1278035018
-1.11757179892
-1.10931022853
-1.10207506269
-1.09587752674
-1.09150742865
-1.08776528208
-1.08264224299
-1.08064368493
-1.07392834023
-1.07193573096
-1.86898305731
-1.47810967521
-1.37037476143
-1.29930595822
-1.25007640595
-1.21490817728
-1.18617406136
-1.16491195817
-1.15182365577
-1.13807058854
-1.12709995987
-1.11882398878
-1.10924873524
-1.10342047997
-1.09619735658
-1.09312023631
-1.08878480693
-1.08262141923
-1.08247655702
-1.07536687096
-1.92561682148
-1.51548008264
-1.40459012356
-1.32677822664
-1.27398351841
-1.2312435672
-1.20094373751
-1.1756871045
-1.16088245024
-1.14650512429
-1.13594657785
-1.12665838072
-1.11748618469
-1.10942874187
-1.1047375174
-1.09828104162
-1.09286069283
-1.08933315191
-1.08503059286
-1.08162756646
-2.07819255141
-1.59677666671
-1.43422552601
-1.3548304469
-1.29197057559
-1.24871825029
-1.21420428471
-1.19299888444
-1.17199241749
-1.15761747516
-1.14078884388
-1.13447706194
-1.12263855205
-1.11640593042
-1.1076970683
-1.10435823795
-1.09730305052
-1.09322566904
-1.09012688116
-1.08612618631
-2.12690890779
-1.62805446185
-1.44337003043
-1.37977868556
-1.31416718798
-1.26684088712
-1.23234065715
-1.20324997933
-1.18229914151
-1.16628082459
-1.15072921047
-1.14007591091
-1.13111805596
-1.12208066923
-1.11657729852
-1.10830515574
-1.10236399881
-1.09987366282
-1.09363262639
-1.08960941628
-2.26485600384
-1.6999804064
-1.48637362222
-1.40725440181
-1.33418632929
-1.28241629266
-1.24823501715
-1.21544973434
-1.19241015683
-1.1758933228
-1.16210725059
-1.14992867128
-1.13758066616
-1.12963783326
-1.12135135112
-1.11413614036
-1.109107653
-1.10322516369
-1.09939895799
-1.0949664193
-2.36862798432
-1.74522066447
-1.52369591044
-1.42891386314
-1.35533405503
-1.30144957838
-1.26072451345
-1.22763003353
-1.20559314935
-1.1853340448
-1.16843065854
-1.15630664881
-1.144707409
-1.13557997071
-1.12614480739
-1.12090739835
-1.11336528413
-1.10840305853
-1.10206960462
-1.09595790341
-2.69013975413
-1.80800869636
-1.57158755938
-1.45859749304
-1.38060326243
-1.31822670139
-1.27719087802
-1.2389664833
-1.21654811313
-1.19433778452
-1.1774686586
-1.166040098
-1.15093317601
-1.14271821828
-1.13141486101
-1.12282854875
-1.11761324481
-1.11178071711
-1.10662335118
-1.10158011409
-2.62227810713
-1.84607712779
-1.59095702031
-1.48798328707
-1.39757162384
-1.33304554396
-1.29019151794
-1.25494262186
-1.22606248299
-1.20416965021
-1.18481024675
-1.1710614331
-1.15613829574
-1.14589328959
-1.13648692383
-1.12893710911
-1.12199041741
-1.11776755831
-1.11047080645
-1.10578924434
-2.81071873114
-1.89204378926
-1.64023169102
-1.50147109789
-1.41619094365
-1.3505097056
-1.30295764702
-1.26795659192
-1.236396741
-1.21404507489
-1.19403072775
-1.17799970786
-1.16313905122
-1.15413342427
-1.14318471457
-1.13463012989
-1.12644888337
-1.11957467836
-1.11421450285
-1.10655803867
-2.91769723966
-1.93712764879
-1.6687327048
-1.52731869565
-1.44131019791
-1.36782048352
-1.31601468866
-1.27656173521
-1.24859615494
-1.22300816288
-1.2013207548
-1.1847758916
-1.17194203059
-1.15866074604
-1.14866774561
-1.13743756601
-1.13115486291
-1.12394202014
-1.11970179894
-1.11242701708
