0.128073139683
0.129900711048
0.131559531142
0.133756509085
0.135034797438
0.134191419228
0.135319205289
0.138003164345
0.138472808732
0.138834012737
0.140886637645
0.139445428765
0.139856531892
0.140800494135
0.142059796907
0.141978323596
0.142100583074
0.142896248925
0.144063793709
0.143032464769
0.126311292535
0.126641000189
0.128416667213
0.128481666558
0.129330538849
0.129623528138
0.132068938894
0.132550337717
0.134065273976
0.133668354927
0.136768000754
0.136343421855
0.135500473255
0.136311515225
0.137746872189
0.139317498916
0.138886155664
0.138988625702
0.137735801443
0.139994917849
0.129671310564
0.127662312809
0.128005213398
0.128955503545
0.127995334001
0.129266625993
0.129734191716
0.13094149866
0.130781548602
0.133015165262
0.131197439162
0.134680107101
0.134724920403
0.134060469215
0.134681805954
0.136443556329
0.137804720337
0.137826128047
0.137637195259
0.136829873092
0.133932161881
0.130841897062
0.129769897755
0.128198351406
0.127887714571
0.128431044687
0.128953164331
0.129172167005
0.129669780874
0.13071848856
0.13068457245
0.132022962331
0.132089164204
0.13311795345
0.133500731186
0.134005874328
0.134080736867
0.133216976212
0.136926939548
0.13568114818
0.139478143161
0.133736481098
0.131311403834
0.130160327115
0.128675401632
0.127799613153
0.129256285536
0.12877437591
0.128269073104
0.128736206304
0.129593068418
0.129094095364
0.130970016208
0.130310216399
0.133107529822
0.131788686941
0.132208681988
0.133503816563
0.133032711291
0.133456956666
0.149375643708
0.137882621635
0.133217013583
0.130543226099
0.130002754423
0.128634674538
0.128805908873
0.128804841215
0.12872033978
0.128796269387
0.128277241707
0.128221134908
0.131060717569
0.129784829837
0.13145403662
0.131190488389
0.130761966506
0.133014810133
0.133063744451
0.131803382504
0.151223824649
0.141195796863
0.136176570886
0.132305176238
0.130400604867
0.130278971102
0.129450767379
0.127792767661
0.127918461739
0.127603772306
0.128311269948
0.129343799166
0.129077570511
0.130406964485
0.130186673374
0.129806220228
0.131312756259
0.131246071972
0.131340926349
0.131687476278
0.161661235654
0.145578196125
0.138623317034
0.135069550284
0.131262190509
0.130505540305
0.129409208387
0.129296745914
0.128422313049
0.127568735417
0.128564083907
0.128228010979
0.128157633504
0.128618720159
0.129537837653
0.129673749919
0.130240971848
0.130130830221
0.130755289236
0.130639551426
0.178800790382
0.152861508177
0.143161868088
0.136945831798
0.133410335034
0.1313566082
0.130330554143
0.129152666287
0.128704875267
0.128463646963
0.128215345275
0.127657206996
0.127874774135
0.129524833963
0.127807126626
0.128835697363
0.129561461192
0.129211281121
0.130843017948
0.13104128251
0.180362070726
0.155527204475
0.14485471567
0.139559126692
0.135068626699
0.133329324566
0.130398630105
0.129472657987
0.128734106378
0.129448926448
0.128486400001
0.128486209835
0.128207230906
0.128480924131
0.128504381852
0.128378609372
0.129044850162
0.129659608231
0.128869194794
0.129309773655
0.205654597487
0.164875931174
0.14895382147
0.141677688027
0.136618637251
0.133824235
0.131157078664
0.130546029637
0.129527742501
0.128841313588
0.128580038919
0.128373683539
0.127623350484
0.127857711692
0.127917491953
0.128441689063
0.12971286819
0.129086246004
0.130168285749
0.129610723328
0.213427039532
0.164383523988
0.152981668601
0.144146510268
0.138715549692
0.135392512019
0.133043288871
0.131649491716
0.129869434229
0.129139065345
0.128379947444
0.128928178191
0.128886351148
0.127594982428
0.127789484728
0.130073068446
0.128388465608
0.128882046616
0.130017892261
0.128320830159
0.240631065826
0.172874251986
0.155657728568
0.146606790693
0.140675842953
0.136879220947
0.133849856943
0.13188997547
0.130683737298
0.130297561433
0.128366324137
0.128969046115
0.12830458985
0.128021433415
0.128233726169
0.128335402556
0.128454030418
0.12796070324
0.12864339703
0.128286360201
0.234583604838
0.174406921851
0.156646586154
0.149254476729
0.142546138112
0.137948874351
0.135191669154
0.132410535823
0.130795453102
0.130302951784
0.128763803176
0.128274499585
0.128355132861
0.127849404022
0.128416879968
0.127649222875
0.127398508205
0.12847786446
0.127519665997
0.128684281622
0.270542952875
0.183338997573
0.161856475376
0.152498865123
0.144229046367
0.13941694155
0.136295120812
0.133772945272
0.132211049073
0.130781081355
0.129755581584
0.128365578434
0.128543025304
0.128046531811
0.128503248551
0.12808407177
0.128172051713
0.127612305797
0.128199491529
0.128266305672
0.290536503639
0.188674680764
0.164392609277
0.155655525418
0.146174866325
0.141493879406
0.137676488441
0.134665768979
0.132733456357
0.131256841069
0.129750444816
0.129799684482
0.128536892713
0.128243475855
0.128397046888
0.128093318786
0.128010898567
0.128211212105
0.127860904827
0.127579222568
0.327034380075
0.192993571803
0.17138119495
0.157103049851
0.148544551554
0.142887469144
0.138284482407
0.13541771388
0.133171088806
0.131507166409
0.130492879499
0.130017952929
0.128770831646
0.128468076899
0.12806988761
0.127436046058
0.127642484656
0.127925206231
0.127930525686
0.12813611392
0.293130500229
0.198008480814
0.172611010288
0.159925056598
0.15097028491
0.143698553899
0.140090985726
0.136265453461
0.134165257642
0.132555694732
0.131076854327
0.130590955546
0.129683765456
0.128293018405
0.127854908418
0.128050897476
0.127855853323
0.128493743569
0.128367980614
0.12846084109
0.340726302924
0.213262129043
0.176629203045
0.161667703498
0.152504279914
0.145395973574
0.141297662507
0.138052937604
0.134563449442
0.132915910609
0.131969684443
0.130952394607
0.129743684301
0.128395111012
0.128543709231
0.128004851861
0.127882384714
0.128173353563
0.127643964915
0.127720681998
0.363477543678
0.211973943859
0.181165260434
0.163923817708
0.155679099152
0.14759375797
0.142600608524
0.138274441471
0.136434400947
0.133726576204
0.13267306549
0.130969339767
0.129927190765
0.128696676907
0.128947190443
0.127685157511
0.128008515009
0.127415192777
0.127735065624
0.12784815387
