0.0098005
0.009297
0.008899
0.0086475
0.00874
0.0081545
0.007989
0.008196
0.0079295
0.007768
0.0080145
0.0077225
0.0078805
0.0077455
0.0078525
0.007883
0.007882
0.007749
0.007877
0.0075425
0.0113295
0.0105555
0.0102565
0.009808
0.009628
0.0088295
0.0091065
0.0085825
0.008466
0.00878
0.0086265
0.0084685
0.008221
0.0082845
0.0080725
0.008284
0.0080345
0.007682
0.007984
0.0079775
0.0125195
0.011513
0.0107065
0.0107025
0.009889
0.0095305
0.009674
0.009379
0.008944
0.0090975
0.0089645
0.008545
0.008668
0.008413
0.0084715
0.008517
0.0085215
0.0084075
0.0082535
0.008103
0.013377
0.012332
0.0117295
0.010758
0.010528
0.010248
0.0100385
0.0096855
0.009507
0.0092325
0.009285
0.0090535
0.0092155
0.0086055
0.00886
0.0089245
0.008634
0.008563
0.0084095
0.008231
0.0153125
0.0124785
0.012029
0.0117085
0.011263
0.010678
0.010823
0.0103075
0.009927
0.009873
0.009515
0.0091105
0.009322
0.009058
0.008826
0.009159
0.0087445
0.0089255
0.008687
0.0084275
0.016215
0.0130405
0.0124275
0.0119545
0.0114385
0.010947
0.0109105
0.010518
0.0102245
0.010023
0.0096735
0.0096995
0.0095885
0.0095475
0.0093385
0.009195
0.0089655
0.009214
0.008868
0.0088435
0.015002
0.0130875
0.0125215
0.0121035
0.0116545
0.011378
0.0112375
0.010774
0.01055
0.0102785
0.010169
0.009719
0.0099645
0.0096405
0.0098805
0.0092275
0.0092885
0.0089705
0.009146
0.0093305
0.0139685
0.0144165
0.012733
0.012555
0.0117475
0.0114065
0.011315
0.0113535
0.010686
0.010432
0.010411
0.01019
0.0099295
0.0098065
0.009547
0.009708
0.009432
0.009365
0.0093605
0.009266
0.013153
0.015001
0.0129955
0.012539
0.01225
0.0120745
0.011601
0.0113685
0.0110915
0.0108765
0.0105885
0.010288
0.0101365
0.010119
0.0098205
0.009706
0.0094275
0.00943
0.0093705
0.0094575
0.0119685
0.015155
0.0128735
0.0126575
0.0122385
0.012322
0.0116475
0.0113605
0.0111255
0.0109575
0.0108295
0.0107465
0.0103275
0.010134
0.010133
0.0098795
0.009845
0.0097145
0.009544
0.0091295
0.0109545
0.0149045
0.0128575
0.0127705
0.012396
0.012195
0.012005
0.011712
0.0114795
0.011067
0.0108875
0.0105495
0.0104685
0.0103515
0.0105065
0.009973
0.010162
0.0098865
0.009569
0.0098655
0.010571
0.013688
0.0126265
0.012501
0.012305
0.012361
0.011978
0.0119055
0.0117205
0.0112465
0.011203
0.010821
0.0107115
0.010432
0.010089
0.0102345
0.010052
0.0099385
0.00977
0.009715
0.0095995
0.0129345
0.0127935
0.0124705
0.0124675
0.012312
0.012132
0.011844
0.0117705
0.011466
0.011326
0.0110055
0.011043
0.010552
0.0106405
0.010426
0.0106335
0.009739
0.009987
0.0099065
0.009029
0.012625
0.0130915
0.012448
0.012457
0.012233
0.012214
0.0118005
0.011838
0.011733
0.0113945
0.0112645
0.011078
0.010688
0.0107705
0.010717
0.010482
0.010324
0.010108
0.010049
0.008902
0.011973
0.012919
0.0124075
0.0123285
0.012343
0.012122
0.0120935
0.0118455
0.0115505
0.0115725
0.0113695
0.0111
0.0107675
0.0108595
0.0107605
0.0103815
0.010144
0.010201
0.0099865
0.008265
0.011565
0.0125695
0.0124905
0.012314
0.012347
0.012238
0.0120185
0.0119285
0.0119645
0.011425
0.011467
0.0111455
0.011192
0.0109865
0.010735
0.010693
0.010387
0.010392
0.01005
0.0066745
0.0108465
0.012289
0.0121305
0.012408
0.012299
0.0121155
0.0122165
0.012065
0.011662
0.0117575
0.0113345
0.011447
0.01149
0.010856
0.010937
0.0107415
0.0106915
0.010432
0.010308
0.006847
0.010816
0.012761
0.0118625
0.012326
0.012316
0.0124035
0.012057
0.011998
0.0119835
0.011873
0.0116865
0.011558
0.0113085
0.0110935
0.0109825
0.010831
0.0107965
0.0105685
0.0104015
0.006452
0.0106815
0.011831
0.012064
0.0122435
0.012221
0.012428
0.012198
0.011933
0.0120085
0.0119
0.011856
0.011614
0.0113445
0.0111435
0.0111325
0.010867
0.0108435
0.0110375
0.0104365
0.006444
0.0102475
0.0117175
0.011955
0.0121225
0.012333
0.012304
0.0122815
0.012198
0.011915
0.0118215
0.011892
0.011592
0.011253
0.011411
0.0113955
0.010924
0.01074
0.0108675
0.010564
