0.00826998033553
0.00764733881818
0.00691858359782
0.00681576252154
0.00872001433485
0.00627257959296
0.00617710522818
0.00655323080625
0.00672505797373
0.00600963193548
0.00623491497536
0.00629862038466
0.00751277876355
0.00677531215148
0.00860230310731
0.00739684466513
0.00805728403372
0.00669221555242
0.00667112216947
0.00668833452737
0.00902365251714
0.00839380990671
0.00947679179628
0.00831637757681
0.00825430893534
0.00704544567433
0.00758628912908
0.00684178841751
0.00606018514569
0.00725805414695
0.00661605038902
0.00738008351918
0.00652446618506
0.00707399708439
0.00682060252104
0.00884634636446
0.00649285643997
0.00655601830382
0.00685519831952
0.00731330081085
0.0121983910722
0.00966743663026
0.00816562812954
0.00940122964032
0.00771006997374
0.00745584970007
0.00955244596949
0.00785677153798
0.00820354277127
0.0061249994898
0.00751482632867
0.0064445112305
0.00764372461566
0.0070542137053
0.00618472414502
0.00711556118658
0.00739808507318
0.00655711969923
0.00661846755299
0.00657709213863
0.0172370856295
0.0131134482879
0.0109365421752
0.0092030666628
0.00803613501629
0.00907665940751
0.00785656685519
0.00769049509134
0.00725776832091
0.00722778103916
0.00818233004712
0.00659869401852
0.00840068061231
0.00691736906273
0.00736285610344
0.00841019766415
0.00616275457892
0.00772216167922
0.00670148750279
0.00607872429051
0.0359971834836
0.0125522672354
0.0118807053242
0.0109347795017
0.00940246409193
0.00827638604706
0.00908386872428
0.00925924234211
0.00764131343422
0.0101603701212
0.00807152556832
0.00754870285215
0.009426442383
0.00692442315287
0.00708746950611
0.00927065094802
0.00671672127976
0.00691986811652
0.00728052408828
0.00651545230586
0.0499687554878
0.0155090936147
0.0118680187373
0.0105644950069
0.00972381575052
0.00860527111717
0.010000780707
0.00859431067626
0.00879276547794
0.00844415306588
0.008305135324
0.00748149883045
0.00764202478078
0.00762981774029
0.00696898792867
0.00734999829932
0.00831511784342
0.00762090572045
0.00675566991497
0.00728513093568
0.0459818686658
0.016777752196
0.0120746495912
0.0110484574828
0.0101341380862
0.00925130347573
0.00953372795658
0.00849655365428
0.00868707373055
0.00793892705282
0.00860891625003
0.00882636895898
0.00866066479839
0.00885235193324
0.00702218589543
0.00756923832033
0.00789467496164
0.00753111909015
0.00644576868961
0.0101999580759
0.0472193724307
0.0318147984867
0.0134250870016
0.0115515572543
0.0100054169703
0.009592803696
0.0100732579139
0.0104920285336
0.00865351974632
0.00824294401291
0.00893653059078
0.00818273487289
0.00845255314979
0.00755798800938
0.00727454747733
0.00842135594783
0.00787987157256
0.00697909557178
0.00750221065753
0.00869032473501
0.0502708547868
0.0428177883478
0.0169302423122
0.0117016336039
0.0123162088323
0.0112298519469
0.0114213965433
0.00904847129354
0.0089714270186
0.00835032171536
0.0092942074837
0.00814744168436
0.00840554833131
0.00819326485597
0.00690683753609
0.00722556669058
0.00804721186188
0.00780109607683
0.00752920014012
0.00793976188245
0.0419394042966
0.0442124866412
0.018078485079
0.0140737634892
0.0123564049282
0.0117205510109
0.0100955370709
0.00917607839711
0.00875273527247
0.00888228961192
0.00906748613178
0.0096074248761
0.00855320809697
0.00730898720754
0.00833693954638
0.00711539561444
0.00819701012565
0.00753177367889
0.00704993361671
0.00696418371024
0.0460535482319
0.0494063938651
0.0183012450055
0.0135859469582
0.0117218890969
0.0102776444286
0.010960256612
0.0107628669972
0.0102191464785
0.00946199032974
0.00969017382455
0.0077809173463
0.00830413347376
0.00830313632009
0.00892824634237
0.00846385083753
0.00819749998475
0.00867801778922
0.00674039976559
0.0098526790646
0.0437973624662
0.0410500658465
0.0204195830699
0.0144236177501
0.0127621598877
0.0117149020056
0.0106604416419
0.0115886774375
0.0100027248663
0.00852631882761
0.0087091498437
0.00855910094578
0.00828048263992
0.00933282518855
0.00729075297895
0.00796689304246
0.00843713790334
0.00789714142902
0.00814432931554
0.00751284067447
0.0428943845363
0.0411531874191
0.0224184741396
0.0147881288455
0.0128278240068
0.0115811228298
0.0116639541323
0.0104490747916
0.00987904118576
0.0112641508335
0.0104848092019
0.00882594724378
0.00976280702462
0.0079739918485
0.0106657341402
0.00801063505597
0.00873368780928
0.00751501024617
0.00763955698977
0.00774053504288
0.0376234356353
0.0393029626746
0.0268125111235
0.0153667838535
0.0135446170489
0.0114364531652
0.0109339130233
0.0106755714016
0.0102641734202
0.00992280005845
0.0086885122288
0.00937982754372
0.0100306363706
0.00839789592696
0.00869429150362
0.00815155880798
0.00916442447729
0.00835163301397
0.00839787687454
0.00781014398075
0.0441309261856
0.0384255841986
0.0282978787014
0.0173574211434
0.0127773124228
0.0120460512617
0.0100428017007
0.011007980412
0.011290648996
0.0103260023605
0.00904063707656
0.00934169924318
0.00841853609602
0.00854558767728
0.00856284910237
0.00861846939717
0.00837314652625
0.00868816804626
0.00764291168338
0.00717322749883
0.0410893997888
0.0383065435011
0.0285770282701
0.0192668701337
0.0137868108713
0.0121159952542
0.0112311333355
0.0106407839349
0.0102853421309
0.00985981058388
0.00888848271641
0.00961738847089
0.00869713773319
0.00955304328473
0.00890607617023
0.00775209810309
0.00831118228653
0.00853924651243
0.00809406177392
0.00803479931299
0.0344783145578
0.0343580276318
0.0292659482847
0.018078214645
0.0145367649771
0.0131886636548
0.0106307353814
0.0115324001296
0.00999922622006
0.00998225956385
0.00964500226801
0.00844560446327
0.0100297527886
0.00933731224711
0.00875726920906
0.00950521072886
0.00824027018671
0.00897095049312
0.00864062358861
0.00705541536694
0.0310065088489
0.036645636084
0.0362485776135
0.0176351061451
0.015392278064
0.0125025654967
0.012848202705
0.0100593365089
0.0103091704807
0.0103166056797
0.0104791159455
0.0103811050833
0.0103927443921
0.00903744724743
0.00945557416289
0.00934298232632
0.00836336887863
0.0081600069087
0.00918171730941
0.00872981516127
0.0337477880164
0.0392720248109
0.0302917552974
0.020630369701
0.0166630004126
0.0126778116803
0.0122258053313
0.0113426428137
0.0100614865204
0.0104023820709
0.0103343722596
0.0110227498384
0.00979873736764
0.00856448741899
0.00921132632958
0.00858605373556
0.00879923638732
0.00873183158049
0.00853186490458
0.00903973687394
0.0381881148265
0.0369318577755
0.0323475859803
0.0208272231706
0.016963810561
0.0140920939182
0.0122123332742
0.0122440447872
0.0115244000278
0.00977027507289
0.0108701546792
0.00878217433213
0.00952210774986
0.00814390821412
0.00968388243423
0.0104323633348
0.00842144429418
0.00857036463635
0.00846434101097
0.00918174297179
