1.05978312958
1.04553954808
1.0356919509
1.02926430979
1.0250411281
1.02081857139
1.01828473745
1.01641125877
1.01444788958
1.0130766406
1.01232336592
1.01106998202
1.01044157164
1.00962360482
1.00916584514
1.00859261775
1.0080573218
1.00763679716
1.00728713346
1.00681183585
1.12973910626
1.09707355783
1.0779280648
1.06325277443
1.05277084281
1.04313929453
1.0393819686
1.03406045674
1.03013420974
1.02837717226
1.02575550814
1.02331163754
1.02144007342
1.0201885846
1.01861655005
1.01796694605
1.01629186898
1.01504673471
1.0148507836
1.01408911825
1.20500967837
1.15333639256
1.11966516263
1.09945595058
1.08062217362
1.06878293563
1.06079332028
1.0540931579
1.04680113818
1.04313078211
1.03961927207
1.03536937478
1.03328302727
1.03043326179
1.02873081677
1.02707241213
1.02576169369
1.02418518408
1.02268436335
1.02137727557
1.28065073107
1.21460931249
1.16729690574
1.13313103804
1.11119960326
1.09553683779
1.08370446691
1.07259925331
1.06486677191
1.05804358805
1.05404479643
1.04876278776
1.04644499856
1.04120624574
1.03932776186
1.03743780087
1.03445776612
1.03249997332
1.03046025776
1.02873119169
1.3682331597
1.26577630249
1.21251908145
1.17508802306
1.14444236844
1.1218423658
1.10856465954
1.0946328667
1.0836016106
1.07615441465
1.06769884993
1.0614584287
1.05764715192
1.05362515775
1.04892560544
1.04764291237
1.04351241491
1.04185798367
1.03900042434
1.03641278604
1.4586767897
1.32430320471
1.25720024269
1.20962670249
1.17531511429
1.14786798323
1.13096040974
1.11463885159
1.10184231141
1.09194765495
1.08262035698
1.077024509
1.07107278881
1.06601584828
1.0614113228
1.05710938252
1.05261775136
1.05140736951
1.04742221518
1.04510108012
1.53316336042
1.37611424237
1.29966049528
1.24428785255
1.20716148538
1.17688246774
1.15441679507
1.13539283421
1.12152377255
1.10915948529
1.09972760769
1.09002873777
1.08504078165
1.07714023572
1.07428404996
1.06668091817
1.06341232573
1.05859360163
1.0566241517
1.05463842425
1.59640414473
1.44717575259
1.33982208588
1.2850319975
1.23483867061
1.20255732726
1.17830543498
1.15990104551
1.14016317338
1.12590956671
1.11503728092
1.10528897241
1.09636452685
1.09007857388
1.08184627604
1.07814501259
1.07295125567
1.06924038834
1.06584808525
1.06222380715
1.65986400798
1.5113130898
1.38601249869
1.31655042667
1.26757967815
1.23338932323
1.20319481154
1.17931317463
1.16061377232
1.14578423106
1.13135522901
1.11951496529
1.11038924238
1.10315574731
1.09462167211
1.08922369217
1.08244211876
1.07760843526
1.07412112343
1.07071366177
1.67859008665
1.56254810123
1.42045487817
1.35348600231
1.29742548171
1.26235954952
1.22514954955
1.19855160695
1.17902144675
1.16139985862
1.1470720107
1.13641157704
1.12373128691
1.11376788263
1.10695434241
1.09931049364
1.0943477004
1.08818240821
1.08271813454
1.07625839431
1.72612076026
1.62527335666
1.45865518474
1.38557789569
1.32675134757
1.2836601882
1.25015427689
1.22259975157
1.2001409194
1.17871929468
1.16330659056
1.14801680138
1.1368996998
1.12743328744
1.12125952265
1.11080728314
1.10541795128
1.09790581575
1.09193160102
1.08889696819
1.73558207767
1.64628122117
1.49257146266
1.41286342707
1.35600621665
1.31110557551
1.27231780332
1.24457173254
1.2196697987
1.19715949116
1.18062531521
1.1627717556
1.1522702443
1.14002911003
1.12862731346
1.12207796567
1.11492393111
1.10756266398
1.10077249271
1.09603233186
1.7525247256
1.68454938325
1.52931956988
1.44416666898
1.38430235185
1.3342961044
1.29580520995
1.26428581159
1.23913268909
1.21444111192
1.19694641308
1.17966980413
1.16786787468
1.15248094026
1.14420961396
1.13342389766
1.12776272791
1.1153604789
1.1117045287
1.10626475414
1.76919207913
1.70669738653
1.57000560736
1.47173576269
1.41146685239
1.35813669939
1.32029432656
1.28313010481
1.25711483354
1.23471727692
1.21166841567
1.19521796581
1.18122766214
1.16491898472
1.15708021417
1.14613743016
1.13678882708
1.12949775607
1.12102829527
1.11427124092
1.78688162953
1.74268572068
1.60004184114
1.50357429714
1.43403788726
1.38170267458
1.34100260902
1.30504539632
1.27372512717
1.24892162048
1.23022533737
1.21129469607
1.1937773927
1.17955895379
1.1679301709
1.15873355387
1.14666173031
1.13601929035
1.13048440238
1.12243265473
1.79421837126
1.7718269187
1.637160497
1.53284157313
1.45972478353
1.40872193879
1.36310390879
1.32346766574
1.29443951196
1.27016615971
1.24333047881
1.22548758047
1.20692825862
1.19427567716
1.18169806068
1.16858804962
1.15776061555
1.14788820171
1.1411292513
1.13162894913
1.78920530947
1.77716056794
1.66183370004
1.55607676895
1.48935638003
1.42783032504
1.38147045136
1.34654661707
1.31447938848
1.28419685414
1.26204941777
1.23872870131
1.22299069019
1.21103417698
1.19062173443
1.18148078152
1.16935983865
1.15985503466
1.14928117438
1.1418358658
1.81391831787
1.81604491754
1.71740490264
1.57589295628
1.5123991461
1.45308827977
1.40754958076
1.36495033492
1.32817558975
1.30358759926
1.27898685296
1.25760172138
1.23713784588
1.21987426409
1.20437627474
1.19185058863
1.17990970649
1.17088702676
1.15921451089
1.15089882385
1.82029503316
1.83661897771
1.71932520389
1.6057379085
1.53357274387
1.4736242234
1.42764927783
1.38489010392
1.34534349579
1.32046016432
1.29375874551
1.27475911823
1.25137979393
1.23288286928
1.2169045601
1.20405855313
1.18933176313
1.18006748084
1.17269858138
1.15912902016
1.83291736197
1.85348581175
1.75240669472
1.62590938478
1.55608031409
1.49892300229
1.44487884099
1.4047737446
1.36928724423
1.33531544939
1.30800032647
1.28843544941
1.26428641144
1.24288802655
1.23209481397
1.21795469784
1.20020920918
1.18836411263
1.1811340381
1.16993799709
