0.0310408976065
0.0203238025721
0.013949025652
0.0102877323898
0.00747827377425
0.00589064631509
0.00479458235986
0.004055000014
0.00327614575328
0.00303411193104
0.00232386541067
0.00208156522369
0.00191339173514
0.00158963806876
0.00137196488161
0.00140350001501
0.00123342006073
0.0012037022543
0.000964147864087
0.000986451833058
0.0678632092227
0.0449226446703
0.0294297232804
0.0213041717912
0.0169466811017
0.0124423591118
0.0103116616102
0.00856214798439
0.00704466038345
0.00598205410107
0.00555614765953
0.00437792924181
0.00420430086231
0.00344831960582
0.00308416054017
0.00267310775461
0.00259057980295
0.00225213163136
0.00224694571075
0.00181626607479
0.108365398268
0.0698909654991
0.0474197633674
0.034821992512
0.0271196704895
0.0204570082975
0.0151910278841
0.0137638193466
0.0107768380417
0.0100481734635
0.00844544216717
0.00676830260305
0.0058196778049
0.00569039065995
0.00532595834312
0.00463408694016
0.00425566910872
0.00369912773475
0.00349394696603
0.00331875887774
0.146205480247
0.0942486067564
0.0645928792692
0.0468678637494
0.0344819929212
0.0268550946264
0.0219289546377
0.0184315659968
0.0155338399223
0.0130162330699
0.0107707827845
0.0109151192224
0.00847125562004
0.00792849184096
0.00636752799903
0.00605565281174
0.00589100349395
0.00481713603665
0.00441727430412
0.00447186257379
0.197602956873
0.117924962514
0.0800923410927
0.0592993817632
0.0455156600878
0.0353685994629
0.0295848522361
0.0228057591291
0.0201992812258
0.0153501314748
0.0145968337017
0.0123296856165
0.0100087711414
0.00984185670206
0.00813398445742
0.00771896506296
0.00688473978015
0.00670864882986
0.00601552999192
0.00594829484003
0.253489678602
0.144158053485
0.100243037971
0.0723272300071
0.0541807661345
0.0446047671189
0.0346824550123
0.0302701048307
0.0233973706539
0.0212127188842
0.0178701953141
0.0161131195397
0.0135039464687
0.0128561679289
0.0116474572477
0.00987790395856
0.00799498808311
0.00798220272656
0.00747547210688
0.00727630950229
0.281135018259
0.159111539166
0.111001659027
0.085216624653
0.065429669522
0.053525066162
0.0429510036015
0.0340363720396
0.029279024744
0.0241361538293
0.0216379073213
0.0168896889255
0.0155473690575
0.013439326749
0.0138678345255
0.0113925130572
0.00948844417367
0.00979677147604
0.00998433368986
0.00640427034347
0.30270188677
0.198548299709
0.126348916854
0.0973984830171
0.0718902309049
0.0566055954264
0.0451006250183
0.0384874076094
0.0325778714992
0.0295412066371
0.0244171947072
0.0224366228962
0.0183230658936
0.0163821257316
0.016242469158
0.012836848143
0.0120039666986
0.0115176525859
0.0113505687589
0.00876420791066
0.317682807382
0.233999634467
0.141295867398
0.106836242929
0.0812295715664
0.0653857337239
0.0527479027776
0.0462611087439
0.0395418532182
0.0343062865892
0.028178074319
0.0261281900585
0.0216958414351
0.018551637276
0.0174610005843
0.01634303013
0.013594570336
0.0122240500222
0.0117473714474
0.0105880450497
0.308928646242
0.24760049262
0.153055756926
0.114229110328
0.0897519322379
0.0781864079557
0.0596769525731
0.0518798477913
0.0429509994741
0.0368919279885
0.0324490678266
0.0259936217296
0.0248707033863
0.0208276728933
0.0190966934278
0.0183439102896
0.0154438252977
0.0152055578159
0.0136195737055
0.0128493044094
0.319506446555
0.27539970086
0.159544921047
0.122933666976
0.0977994460103
0.081626312027
0.0670285235608
0.054506242201
0.0477244278891
0.0390648553117
0.0337799225188
0.031261164947
0.0263607828236
0.0240362850693
0.0216428749472
0.0185477592797
0.0186006174684
0.0153471210787
0.0163553666797
0.0116570869474
0.29935984673
0.265811672796
0.171559904564
0.130757668016
0.106976298343
0.0855138133338
0.0707983908183
0.0585824713524
0.0532431013037
0.0451588259012
0.0396798851442
0.0333609456602
0.0307975315611
0.0245411875594
0.0240890203308
0.0217301345178
0.0197437012725
0.0174577076898
0.0167131364551
0.0159532203183
0.288633968047
0.268188552122
0.178769857877
0.137218879904
0.110799059764
0.0909298079965
0.0760370097817
0.0653302883857
0.0547221161442
0.0445118456465
0.0413131770612
0.0338971011883
0.0305195357878
0.0306537397056
0.0227136267745
0.0239852479575
0.0221741676242
0.0194609140522
0.0185291357935
0.0164504564115
0.278647433131
0.268675401871
0.195776748766
0.143224300927
0.118204448432
0.101889916942
0.081906696118
0.0664325138843
0.0621261603073
0.0525616228248
0.0469443114662
0.040210150518
0.0333868192228
0.033208604989
0.027568121856
0.0247493389275
0.022498396018
0.0209526799934
0.0186291026145
0.0180098978103
0.287692136687
0.272477060118
0.198556685976
0.153775704157
0.129212472111
0.103160026809
0.0871484790954
0.0750930578799
0.0653582654583
0.054763948907
0.0491521834006
0.0425620758074
0.0384931425824
0.0331547949465
0.0319528700261
0.0275835707518
0.0234501917612
0.0215691639114
0.0211633446474
0.0208934824719
0.273872440291
0.280011867362
0.211712272021
0.155197642156
0.129375574895
0.106918999443
0.0898246762361
0.077673288237
0.0669493327374
0.0611174720772
0.0526701111077
0.0493190896924
0.0420352746285
0.0351890555074
0.0319671760606
0.0315919447326
0.0288728839457
0.023832735713
0.0240017657534
0.0203802441608
0.263430489325
0.264879784867
0.209200744459
0.165062024229
0.135583506597
0.113684899193
0.0964614835615
0.0814815170952
0.073267111731
0.0626615728798
0.0565074850023
0.0513477732153
0.0425258898393
0.0409346533307
0.034088479669
0.0293112833698
0.029678469506
0.025511577472
0.0234323693066
0.0227586655145
0.260894358924
0.275059573286
0.238683870845
0.16303480252
0.134288721586
0.117118558509
0.100068737822
0.0865925282054
0.0750988092142
0.068187961317
0.0559380029297
0.0515253304287
0.0427750512205
0.0435267221232
0.0349067966057
0.0329694641645
0.0302976351227
0.0287720763926
0.0243299812703
0.0245240806644
0.255916940971
0.2724738718
0.225716007603
0.172152599894
0.148766893647
0.121602656723
0.104228904291
0.0881290948925
0.0789217948127
0.0737347634606
0.0592146027132
0.051871554261
0.047285829082
0.0461218754931
0.0390689118393
0.0366569254391
0.0342541959226
0.0314724845937
0.0293538136876
0.0259365652309
0.268251970194
0.266742679334
0.233656391479
0.179259166272
0.145478824316
0.122726226468
0.109315360291
0.092731961923
0.0806951428941
0.0722186075035
0.0652710790818
0.0590522155441
0.0520961039378
0.0472128249413
0.0403833557319
0.035343384366
0.0344867363789
0.0312838845579
0.0279973431301
0.02711552873
