0.795417355339
0.773481519076
0.758699248621
0.748690919389
0.741723968058
0.735611380033
0.731485509981
0.728238729043
0.725379851093
0.723049937209
0.721407614456
0.719629213452
0.718369960681
0.717108413783
0.71619706193
0.71519226547
0.714344656184
0.713579010567
0.712907481269
0.712268667425
0.888060805402
0.844796376362
0.817599077066
0.797525793826
0.782924495433
0.770596168846
0.763332125549
0.755975817206
0.75042682533
0.746633185408
0.742775873802
0.739468037114
0.736439028567
0.734252804082
0.731933359137
0.7304161552
0.728383406657
0.726671205807
0.725705802111
0.724467900277
0.976975107073
0.914088095212
0.872212433454
0.845255021656
0.822242245325
0.806014270296
0.7945057479
0.784521346274
0.775682494179
0.769289990379
0.76379500709
0.758409417762
0.754782046356
0.750954607239
0.747789897049
0.745170785498
0.742871483305
0.740495417283
0.738475177972
0.736454339459
1.05970518667
0.984276854078
0.928149702348
0.888903223031
0.861496689412
0.840947619257
0.82496872845
0.811227468135
0.800686985164
0.791465222263
0.784921166797
0.777969513963
0.773347057132
0.767439989653
0.763795505738
0.760563662868
0.756684936712
0.753838427545
0.750916588182
0.748336142659
1.15150784857
1.04126385175
0.981239434654
0.936187820188
0.901013124143
0.874340288771
0.856001867406
0.839656256195
0.825355590815
0.815580921809
0.805024061573
0.796863328035
0.790991759412
0.784602821214
0.778894224296
0.775910400765
0.770598268441
0.767422708402
0.763788065629
0.760479933404
1.24357562424
1.10280656636
1.02916855119
0.976596515199
0.937629866311
0.907012482775
0.885089731038
0.865117998837
0.849645591397
0.836972142535
0.825441787671
0.816786738229
0.808744477416
0.801726948225
0.795168693781
0.789808144648
0.784480784797
0.780872963688
0.776437269912
0.772873913071
1.31447762953
1.15457746065
1.0733541514
1.0156756195
0.973897148435
0.9396718725
0.913858014279
0.891679329954
0.87429058495
0.858777008415
0.846770621311
0.835265202747
0.82713044268
0.818302139072
0.811804480187
0.804095844938
0.798743772726
0.793146725353
0.789043375977
0.785741963712
1.37454825423
1.22767480503
1.118522566
1.05664241088
1.00726439832
0.970397663537
0.942119647926
0.919365387198
0.897274725252
0.880462947072
0.866987016482
0.854336269976
0.843617752301
0.834524274265
0.82528018091
0.819390344184
0.8125250046
0.806964069866
0.801896230806
0.797382816646
1.43703879304
1.28901595599
1.16366789476
1.09244617161
1.04181254592
1.00273633312
0.970305290624
0.942896269543
0.921619592929
0.903012744981
0.887511282448
0.872913450661
0.861680833869
0.851477462494
0.841537212932
0.833696542097
0.825892589113
0.81951350207
0.814142527002
0.809017507774
1.45253530257
1.33632064182
1.20105938183
1.12974817938
1.07394496372
1.03296247055
0.99653241631
0.967021446812
0.943409050755
0.923539132402
0.906352166178
0.892622570241
0.878502195947
0.866662356875
0.85719225849
0.847671255032
0.840715526121
0.832842276065
0.826422985768
0.819519692126
1.49962131207
1.39918489269
1.23407766544
1.16163139954
1.10338628997
1.05802486348
1.02285521657
0.993009675635
0.96676433561
0.94402842255
0.925916294357
0.908725325555
0.895409729893
0.883157961923
0.873853105611
0.862645576272
0.854427604298
0.846431471224
0.838552140591
0.833762731368
1.50484633362
1.41896942901
1.26943108773
1.19162720941
1.13326849508
1.08696880356
1.04818948388
1.01843687952
0.989442390349
0.965169001649
0.945449926955
0.926778672377
0.913173558201
0.899530269487
0.886467369722
0.87709301955
0.868000345927
0.859080875318
0.851117014987
0.844224063562
1.52287516384
1.45071755501
1.30399662043
1.22194743526
1.16306462104
1.11256414598
1.07355653619
1.03849780116
1.01103207983
0.985461514809
0.966006015701
0.945668556438
0.93128978057
0.914866092863
0.904091857668
0.89117301102
0.882748966144
0.871097996973
0.864042394341
0.856739559264
1.5357194614
1.46881763326
1.34565547065
1.24965616181
1.18930975305
1.13743343205
1.09706053627
1.0614898253
1.03170249651
1.00671971184
0.982964164329
0.963998465999
0.947438428844
0.930505981593
0.918494336329
0.906301611375
0.895596331213
0.885639961809
0.876380930518
0.868169127191
1.55746821809
1.50524188159
1.37222474167
1.27862233996
1.2144486315
1.16248229314
1.11884754611
1.0838293177
1.05268147792
1.02434251423
1.00188848987
0.981548681269
0.963198498385
0.946839227513
0.932751446959
0.920952918558
0.908236561938
0.897172275991
0.888361071876
0.87926682138
1.5637009779
1.53472244219
1.40768095927
1.30782542758
1.23946152649
1.18683880188
1.14235967645
1.10413009018
1.07278434002
1.04543357914
1.0196253597
0.998396130702
0.978860854076
0.963239824592
0.948659765772
0.933993902421
0.921742406133
0.910299105626
0.90144144565
0.891727792948
1.55538662884
1.53715865506
1.42949216896
1.33116883118
1.26293095103
1.20927706232
1.1617668105
1.12782578664
1.09234561311
1.06347028198
1.0380540387
1.01391632135
0.996179940304
0.980112541532
0.961575164639
0.949495085138
0.935420642369
0.924201752224
0.912876008945
0.903360598501
1.57510357241
1.57409218743
1.48550324645
1.35020034966
1.28880788684
1.23243575724
1.18693276163
1.14540569651
1.11075097348
1.08239296542
1.05749051685
1.03367061811
1.01319436133
0.99398848599
0.977207311713
0.962258811012
0.948616223832
0.93693026543
0.925066902563
0.915171077249
1.58062495367
1.59842971507
1.48480431375
1.37831210094
1.3109010515
1.25399813884
1.20784732054
1.16614116116
1.12853741326
1.10071770675
1.07354314413
1.05178518711
1.02862652925
1.00834519274
0.991533241712
0.976061510831
0.961021207305
0.949369069486
0.938787867334
0.926651627385
1.60468206931
1.61020264521
1.5228456331
1.39801001537
1.33154221066
1.27767444661
1.2278125159
1.18679346467
1.15089426147
1.1175666125
1.09089676351
1.06690703042
1.04309761695
1.02177519178
1.00677135824
0.991879224963
0.974226609994
0.960979763841
0.949542570415
0.938384079926
