0.0103710232861
0.0100588466536
0.00895909281122
0.00891167571223
0.0114890339019
0.00822349682313
0.00820160252634
0.00878964731943
0.00912026403127
0.00772045050499
0.00816646092258
0.00848836851226
0.00979070804385
0.00939765843176
0.0124164059212
0.00992924468426
0.0108533865683
0.00914454504062
0.00884429759789
0.00987203241486
0.0105399466792
0.00968301006919
0.0114074985865
0.0108365861783
0.0105964326073
0.00994119429445
0.00985699731155
0.00856230693213
0.00804913510882
0.00923091241427
0.00837986610872
0.0103002933939
0.00819446740185
0.00958476687249
0.00859862407598
0.0112216932769
0.00888503888568
0.00904814146662
0.00942294730963
0.00966974229233
0.0131643269482
0.0104412382407
0.00937998955223
0.0120947411713
0.00965398073336
0.00914850173526
0.011995578352
0.0107624911614
0.0112279821874
0.00855615427631
0.00966901753024
0.00796749672105
0.0101730253121
0.0102965506846
0.00815653725548
0.0092139025391
0.00934459822571
0.0082475448468
0.00921127569884
0.00901957227367
0.0184966456418
0.0155443431511
0.012092328808
0.0104141780281
0.00984276770019
0.0107915172242
0.00969466327419
0.00954081422102
0.00980060896067
0.00889418596612
0.0106952729745
0.00807476959424
0.0102477010105
0.00913019517864
0.00938449700304
0.0109963113815
0.0081426017955
0.0102089482318
0.0085436629147
0.00792259149521
0.0375423713156
0.0134457196163
0.0139069103686
0.0134439903303
0.011393510258
0.00980692224911
0.010985229902
0.0115871810204
0.00910831180845
0.0131392973937
0.0102047784885
0.00968077910088
0.0123499091495
0.00877983576156
0.00885776021351
0.0135499625092
0.00842479768303
0.00893277112659
0.00984484819588
0.00959038914747
0.0496801954908
0.0166273995562
0.0128938154167
0.0117530666636
0.0110086240739
0.0103096993167
0.0120026082166
0.00994071928987
0.0105190653577
0.0101997605854
0.0101270921789
0.00954681601373
0.0095735042696
0.00932126600843
0.00817358941959
0.00950247041563
0.0108539900497
0.00934759776627
0.00841581249791
0.00973873420933
0.0466821796835
0.0184522886385
0.0129996178405
0.0119349521993
0.0116350523849
0.0103583519925
0.0117340998803
0.0105184050122
0.0108444749066
0.0100708490208
0.0106997226132
0.0108171114444
0.010437057823
0.012046843736
0.00855950349027
0.00935063013919
0.00958700453739
0.00987913741174
0.00797170270394
0.0124043184416
0.0468100965177
0.0337835071596
0.0150458281261
0.0126140066593
0.0119300756075
0.0109141566784
0.0118305494378
0.0125988689969
0.0101952781227
0.00986267691857
0.0110886210144
0.00976430314974
0.01059601812
0.0094406194712
0.00858286921723
0.0109155542232
0.00997675117461
0.009026206069
0.00956906766618
0.0114203066509
0.0495411102015
0.0443356089842
0.0185690650276
0.0129049254163
0.0139865283755
0.0126519075242
0.0134251709859
0.0103840693372
0.0109821855748
0.00957350510524
0.0121825120562
0.00978314366653
0.0115418501117
0.0101110385223
0.00811785661366
0.00886217377397
0.00978561617886
0.00934446659794
0.00956762436554
0.00973272315439
0.0415279496725
0.0448161469116
0.0199674946851
0.0159507335255
0.0137427826877
0.0125972217572
0.0123529131787
0.0107968845506
0.00959973249627
0.0107290901758
0.0105075546156
0.0120542140349
0.0102571456068
0.00897204971007
0.00984473544591
0.00849771051519
0.0101939001368
0.00900979444827
0.00867092982327
0.00972346008374
0.0446361687872
0.049746944268
0.0196370542597
0.0146851733391
0.0128405451598
0.0112979792884
0.0121061391038
0.0125050799278
0.0116278974884
0.0108266284687
0.0111001542332
0.00904701409306
0.00964975004858
0.0093567165181
0.0107854737494
0.0104569104424
0.00926696735723
0.0110503256061
0.00803983358037
0.0122665846918
0.0432778396411
0.0420664869463
0.0218748691425
0.0153242182182
0.013670479143
0.0125915215919
0.0127818463455
0.0146230360733
0.0119352586901
0.0104345664021
0.0101080253264
0.00986970536541
0.00976852414646
0.0110151203352
0.00863107386135
0.00958734394919
0.00980242908671
0.00950229845879
0.0102753100197
0.0096233322711
0.0427329860412
0.0420597871607
0.0239027036964
0.0164674771595
0.0148435036295
0.013283055522
0.0134027459873
0.0112255857754
0.0116017741747
0.0123957959002
0.0128269358773
0.0104815884292
0.0112891707401
0.0096459060746
0.0134733217879
0.00944580668868
0.0106722959104
0.00935566138763
0.0094534520679
0.00955814710077
0.0379154180249
0.039936918459
0.0289795858494
0.017081707643
0.0146136619641
0.0124624934905
0.0122990367102
0.0124098172428
0.0115390250888
0.0113453468876
0.00975156910451
0.0105911049471
0.0120167077022
0.00985464357549
0.00992292215025
0.00961980789829
0.01101531207
0.00978695029108
0.00984184433935
0.00969293742887
0.0434064190645
0.0389676281547
0.0296298143767
0.0181222532815
0.0139822142739
0.0135306466956
0.0104414671383
0.0122631323894
0.0127228927528
0.0111312193402
0.00981413246293
0.0104490143076
0.0104261601753
0.00961117245709
0.00961746307505
0.00993917079036
0.00984623786022
0.0106860290099
0.0096030151515
0.00921401085304
0.0419275479369
0.0383447796186
0.0302400060185
0.0204286774902
0.0153123493952
0.0135264687188
0.012012992966
0.0117507317219
0.011445293181
0.0104692120047
0.0103663785383
0.0102095427909
0.00947111207831
0.0108668751718
0.0106026130741
0.00864721550558
0.00975078971161
0.00981525669557
0.0100450543055
0.0110762961318
0.0333490943805
0.0348808584183
0.03074340931
0.0193815788831
0.0152126656441
0.0141977429192
0.0111776310549
0.0137715352812
0.0106856859396
0.0115831919608
0.0107825889285
0.00934858684508
0.0113346440615
0.0103970757427
0.0102242848161
0.0116566609284
0.00959614422568
0.010383989792
0.0104121734523
0.00826468051409
0.031133986253
0.0372981734673
0.0372479408827
0.0185275115436
0.0170956381571
0.0135233858186
0.0133593824708
0.0110191832728
0.0113626327935
0.0108932219293
0.01292216762
0.0114417164796
0.0123912696686
0.0106259777903
0.01116163626
0.0102861071354
0.00973027933823
0.00935741224912
0.0110392352996
0.0106922347524
0.0324949143098
0.0399218975501
0.0313707044868
0.0221509472484
0.0175779264989
0.0140813196825
0.0132970859966
0.012252708925
0.0104650037745
0.0113833694485
0.0117374987114
0.0122878580721
0.0114415123126
0.00947828570998
0.0107171778001
0.0101375034402
0.0100296990982
0.00968641605549
0.00992533304227
0.0110504622528
0.0373233573517
0.0377406859503
0.0339352260048
0.0216418206258
0.0179085984935
0.0154464105863
0.0134922346555
0.0132970878015
0.0125309937355
0.0106527508185
0.0127845549003
0.0100569679327
0.0108538133391
0.00897069540225
0.0106902505116
0.0126888209066
0.0099905483333
0.00985170117289
0.00924034631386
0.0110714369438
