0.015374
0.015098
0.014784
0.014494
0.01459
0.01409
0.014154
0.01419
0.014028
0.013762
0.014054
0.01394
0.013994
0.014004
0.014192
0.01391
0.014
0.013964
0.01392
0.013824
0.016282
0.015646
0.015676
0.01538
0.015296
0.014716
0.014902
0.01437
0.014368
0.014484
0.014562
0.014366
0.014052
0.014338
0.014108
0.01436
0.014078
0.013944
0.013992
0.014078
0.016636
0.016112
0.015714
0.015894
0.015284
0.015054
0.01521
0.014972
0.014696
0.014832
0.01461
0.014386
0.014666
0.014362
0.01423
0.0142
0.014522
0.014002
0.01418
0.014146
0.01661
0.016586
0.016328
0.015664
0.015618
0.015466
0.015248
0.015192
0.015008
0.014884
0.015056
0.014564
0.014932
0.014244
0.014596
0.014556
0.014506
0.014376
0.014232
0.014112
0.017934
0.016068
0.016438
0.016318
0.016118
0.015674
0.015582
0.015606
0.015216
0.015308
0.014864
0.014746
0.014912
0.014522
0.014578
0.014746
0.014472
0.01464
0.014342
0.014294
0.018224
0.016172
0.016218
0.016132
0.016014
0.01581
0.015586
0.01531
0.015292
0.015378
0.014998
0.015048
0.014996
0.0149
0.014794
0.014916
0.01453
0.014804
0.01459
0.014584
0.01659
0.015862
0.016044
0.015946
0.015834
0.015888
0.01587
0.015534
0.015558
0.0153
0.015456
0.01499
0.015268
0.014834
0.01537
0.014654
0.014688
0.014738
0.014634
0.014878
0.015308
0.016762
0.015916
0.016094
0.015964
0.015928
0.01601
0.01595
0.015548
0.015598
0.015478
0.015372
0.01518
0.014948
0.014934
0.015026
0.014706
0.014902
0.014788
0.014814
0.01412
0.016924
0.015768
0.01583
0.016032
0.016106
0.015972
0.015848
0.01574
0.0156
0.01568
0.01539
0.015264
0.01537
0.015102
0.014874
0.014846
0.014788
0.014758
0.01471
0.012914
0.016676
0.015534
0.01581
0.015882
0.015998
0.015744
0.015778
0.015556
0.015568
0.015536
0.015618
0.015342
0.015518
0.015072
0.015054
0.01518
0.014902
0.014824
0.014518
0.011794
0.016256
0.01511
0.015678
0.01582
0.015892
0.015914
0.015824
0.0158
0.015546
0.015524
0.015244
0.015482
0.015316
0.015334
0.015032
0.015146
0.015048
0.014726
0.01513
0.011314
0.014974
0.01481
0.015156
0.0155
0.015828
0.015898
0.016104
0.01584
0.015732
0.015732
0.015554
0.015544
0.015318
0.015258
0.015406
0.015128
0.014982
0.014998
0.014926
0.010352
0.014048
0.014734
0.015014
0.01552
0.015794
0.01592
0.015668
0.015906
0.015662
0.015654
0.015452
0.015568
0.015364
0.01556
0.015144
0.01541
0.01486
0.015162
0.015232
0.009726
0.013612
0.014902
0.014792
0.015378
0.015484
0.015736
0.015706
0.01587
0.015848
0.01567
0.015636
0.015644
0.0153
0.015296
0.015536
0.01527
0.015098
0.01509
0.015158
0.009472
0.012866
0.01451
0.014544
0.015178
0.01544
0.015542
0.015672
0.0158
0.015634
0.015798
0.01561
0.015572
0.015558
0.015398
0.015378
0.01526
0.015028
0.01501
0.015002
0.008918
0.012374
0.014006
0.014444
0.014866
0.015262
0.0156
0.015548
0.015708
0.01586
0.015514
0.015606
0.015506
0.015468
0.015686
0.015392
0.01539
0.015144
0.015378
0.015108
0.007148
0.011654
0.013528
0.01408
0.014702
0.015064
0.015258
0.015604
0.015546
0.015608
0.015576
0.015382
0.015562
0.015604
0.0154
0.015516
0.015496
0.015266
0.015262
0.015084
0.00727
0.011516
0.01387
0.013646
0.014534
0.015006
0.01533
0.01536
0.015476
0.015654
0.015828
0.015818
0.015706
0.015686
0.015374
0.0154
0.015392
0.015406
0.015278
0.015046
0.006888
0.011436
0.01293
0.013756
0.01425
0.014794
0.015252
0.015318
0.015236
0.01553
0.015682
0.015888
0.015714
0.01549
0.01551
0.015468
0.015444
0.015312
0.015458
0.015222
0.006886
0.010932
0.012794
0.01346
0.01419
0.01478
0.015098
0.015384
0.015514
0.01543
0.015534
0.015586
0.015644
0.015432
0.015612
0.015768
0.015212
0.015228
0.0152
0.015278
