0.045928400848
0.0304652022023
0.0215439405219
0.0159425593975
0.0118957658656
0.00966996115937
0.00791579349185
0.006624011365
0.00553362486681
0.0049674795876
0.00412267105707
0.00365571765633
0.00321281246196
0.00281072837311
0.00229525606872
0.00233377780876
0.00205032272651
0.00201282554712
0.0017722522626
0.00162331906599
0.0895267693531
0.0603468761564
0.041498297721
0.0307753402658
0.0241136541792
0.0187866791191
0.0155448901161
0.013250679894
0.0112143111779
0.00952267331211
0.00860449036097
0.00703177499193
0.00668524072041
0.00565762638943
0.00523868284907
0.00444137005332
0.00428896517112
0.00385422856334
0.00357445951482
0.00316851408009
0.129949248158
0.0876865402445
0.06173195155
0.0455343641718
0.0361771124307
0.0285958521316
0.0222790411593
0.0192908582628
0.0158391485516
0.0145324673593
0.0124608108433
0.01086613748
0.00922297986321
0.00845527271823
0.00806962103733
0.00719770710943
0.00649234979962
0.00604564705193
0.00536554791629
0.00507489034851
0.165843964032
0.110079956755
0.0791506233708
0.0598982027872
0.0460760964408
0.0367609929004
0.0302979794405
0.0257995013629
0.0218391064583
0.0189253879307
0.0158526522586
0.0153092198196
0.0126378030839
0.0116840811225
0.0101033740878
0.00900499919736
0.00885930286435
0.00750681335237
0.00716777708345
0.0068874990395
0.210662922688
0.133028569135
0.0939525682984
0.070782318631
0.0568470227807
0.0457861467059
0.0379981051787
0.0307243249321
0.0276080524889
0.02152060075
0.0204510352527
0.0177810221758
0.0146712176111
0.0144597082687
0.0127474069985
0.0102304012444
0.0107705845082
0.00997811715425
0.00877610351485
0.00831396211649
0.261116087903
0.155230714193
0.112296077534
0.0846811000718
0.0662494189117
0.0544721953485
0.0438186606902
0.0385268552503
0.0315029679939
0.0282182867713
0.0244005145528
0.0217747898834
0.0190371794823
0.0176542568425
0.0165745023666
0.0139180983392
0.011975094119
0.0117941999191
0.0110518229469
0.0101739478961
0.283571173799
0.167772414357
0.123322267208
0.0966646371208
0.0761767055559
0.0635073214256
0.0514593774593
0.0428791687797
0.0369301352293
0.0316553926213
0.0281644970885
0.0238088092362
0.0216453775001
0.0184628402264
0.018826265432
0.0164849793584
0.0143969971951
0.0136109356943
0.0136863343842
0.00989160082915
0.298705837501
0.201969339817
0.13566908521
0.106402323554
0.0832396763514
0.0677513300509
0.0557036197212
0.0470636389649
0.0415172527582
0.0370957230669
0.0315861886685
0.0292211671569
0.0246609701226
0.0225331651654
0.0216999250372
0.0176261102965
0.0167497198929
0.0158136469303
0.0148644767092
0.0122573174782
0.311982218222
0.231736914484
0.147464085856
0.115632231172
0.0904015484216
0.0748544935975
0.0615560306095
0.0553000618179
0.0471724380091
0.0421363549651
0.0343964952039
0.0326660951407
0.0269568206545
0.0251063537965
0.0236710648278
0.0217370073826
0.0188909238561
0.0172447872355
0.0161729557692
0.0149663356849
0.300748119667
0.243250224952
0.157353717822
0.119780983563
0.0984698512385
0.0855878331347
0.0680015005876
0.0600450968333
0.052101479284
0.044567912182
0.0401565215724
0.0328344765037
0.0309835759567
0.0281024021545
0.0255845875453
0.0241884218202
0.0206739033497
0.0201630156594
0.0185544991113
0.0166713230985
0.310955786333
0.267021547786
0.162589171207
0.1296134368
0.105288613903
0.0895043536164
0.0757672917031
0.0629704800888
0.0556714543867
0.0475291808187
0.0419360499933
0.0390776857697
0.0341432566107
0.0313155712799
0.0275244926682
0.0243538156478
0.0242448344391
0.0202423236476
0.0211933011474
0.015946604498
0.286827393119
0.255019306379
0.172534005451
0.136373057634
0.112544807858
0.0929748895832
0.0778993192776
0.0648201572551
0.0596245954753
0.0520478786169
0.0467972273862
0.0416741019105
0.0371956224442
0.0318336534694
0.0309928168006
0.0282427902861
0.0255764612063
0.0231732483397
0.02144158001
0.0201124893688
0.277667936571
0.256492753581
0.174945612022
0.13863399173
0.114872855059
0.0974280484872
0.0833878569452
0.0733729209283
0.0621716785358
0.0535601678996
0.0477496360297
0.0425517245014
0.0384933241714
0.0375124618437
0.0286827623298
0.0303275513339
0.0272123260082
0.0249768614887
0.0236504282534
0.0213289178736
0.268779015553
0.25218086623
0.19190441035
0.144468094475
0.122011945633
0.105553882336
0.0880073988935
0.0744411930051
0.0684673612601
0.0594804289278
0.0541472373988
0.0476682461157
0.0402718157887
0.0395605441783
0.0347925840785
0.03182072654
0.0282073452297
0.0269179666396
0.0245344855647
0.0230688757989
0.277720771389
0.256319313729
0.193794932365
0.15340013674
0.129452280824
0.107552559577
0.0941057149916
0.0810355763494
0.0713902154163
0.0632086130219
0.0570130207892
0.0506259830718
0.0448424942803
0.0407547318203
0.0386485007248
0.0342647963919
0.0304395170851
0.0273969365406
0.0266083120009
0.0254416897378
0.264711056096
0.263088502583
0.203618504405
0.153774500659
0.129667838174
0.111648932406
0.0966376828297
0.0844455274771
0.0748347583358
0.0679955301637
0.0591862420976
0.0556607730559
0.0491765569883
0.0424609993082
0.0385707429082
0.0375380277936
0.0341647847806
0.0303723345577
0.0284871679428
0.024210868483
0.251360786258
0.249481532093
0.198877965554
0.162565599697
0.135169808461
0.115893175922
0.102153908986
0.0850020907243
0.0792789193388
0.0685383586222
0.0628144380827
0.058104994607
0.0498455155332
0.0465758724763
0.0409580476993
0.0355868938525
0.035902033463
0.0318458704029
0.0290127526242
0.0291242621444
0.246248772226
0.257536255234
0.226714127687
0.160781512953
0.133002752369
0.120064003972
0.105188546608
0.091943110428
0.0817852430622
0.0741793006178
0.0614723703158
0.0579632897118
0.0496846780472
0.0487119889038
0.0419051505479
0.0403471053525
0.0372288876648
0.0350088018577
0.0302295720526
0.0289356515198
0.241987313148
0.258026965707
0.215746810738
0.166487481173
0.145033393342
0.121926633257
0.108071791254
0.0931071087218
0.0855995173993
0.0768816728967
0.0656902444201
0.0587546994536
0.0535462028184
0.0525897265859
0.0448641227717
0.0423148232932
0.0399302776478
0.0372003448201
0.0345625762728
0.030330766739
0.257480678021
0.251228278645
0.221801871117
0.172903210617
0.143029778133
0.122042829322
0.110779456114
0.0970129489981
0.0860595620962
0.0780074532065
0.0687733575393
0.0642245719654
0.0575411606844
0.0545466320188
0.0469756821153
0.0405112506017
0.0403475241942
0.0376739976444
0.035267261448
0.0321910137984
