0.139963498925
0.140825112026
0.1398377694
0.138314602968
0.139599719642
0.141334670886
0.137426932256
0.139870329447
0.140927850555
0.144423526386
0.141420665659
0.140579987736
0.144527344352
0.14274209609
0.139887505387
0.142622191338
0.139547796087
0.138006798384
0.141063760048
0.140357277747
0.143564991605
0.145044693866
0.140828215829
0.145174558181
0.141611081693
0.139284445873
0.142074070658
0.14104328869
0.140247044948
0.13973625294
0.143824469737
0.14266375807
0.14047825473
0.140261923296
0.140876206104
0.138208545906
0.139782659505
0.141361844682
0.139152593873
0.142263915382
0.147686404281
0.14250120712
0.145127793331
0.141888609115
0.141357523278
0.140900458051
0.141716582547
0.143122973367
0.142672487831
0.139704367496
0.139976376193
0.138690013424
0.140887420006
0.138946775668
0.139926656365
0.141992859753
0.140261866134
0.140069617224
0.13930134583
0.141225474715
0.147594172833
0.143720818854
0.141878988817
0.142315096853
0.143912726133
0.144590837324
0.141204842752
0.140359355554
0.142211545349
0.140400247776
0.141175571617
0.140590389082
0.142604521886
0.142682033848
0.139074378118
0.141299127008
0.142271142087
0.138601768202
0.139955269363
0.141929494897
0.150083801122
0.145348176309
0.143843190161
0.143108492293
0.141971050075
0.144492055205
0.144456439568
0.139312940716
0.141080955494
0.141659960897
0.139761433875
0.142401852853
0.142868138392
0.140841728548
0.141332775635
0.141878809812
0.140345503115
0.141174356918
0.139394434772
0.140199881332
0.148111051006
0.148172274898
0.146946906875
0.144219001903
0.143638952616
0.142326225521
0.142559046769
0.142467538387
0.141236123413
0.14548228818
0.142248671388
0.138338693918
0.141798286192
0.141798617892
0.139785756984
0.141107316152
0.145027970633
0.14185974036
0.141874710645
0.140804831859
0.148656732064
0.147895123827
0.149793450225
0.144561863735
0.143595763946
0.142798242694
0.141857849641
0.140156532539
0.142077565171
0.14299876409
0.141206825275
0.142311200162
0.142449302449
0.143697657174
0.143374252689
0.140430742205
0.139549830325
0.143278104163
0.141683450371
0.140866355883
0.149942734685
0.148633014254
0.146943377748
0.146947805438
0.14450753522
0.146267955465
0.143317618845
0.142384214559
0.144524578948
0.142577499145
0.141326345565
0.141979908359
0.142503432323
0.140343063853
0.142983441541
0.140216061431
0.140021383223
0.142221777872
0.140488976484
0.141924092872
0.150262285077
0.151520603223
0.149051817128
0.148374275346
0.145405842123
0.147928978242
0.141245207966
0.148307313735
0.143747703647
0.141304987931
0.140050779578
0.142991828382
0.140833028487
0.141414090847
0.140030940192
0.139405291509
0.141406222026
0.142847259298
0.141085362324
0.140290914287
0.154015505425
0.152516987278
0.147723807357
0.146943882998
0.145727087481
0.145872528872
0.141973214755
0.14355010727
0.143133708874
0.14336153869
0.142585968598
0.144878724076
0.141714587294
0.141934194978
0.141761345694
0.141479459063
0.14243245079
0.143837154654
0.140846377886
0.140255385764
0.152422760605
0.150687944744
0.145151313195
0.145811321474
0.145984826998
0.1465919589
0.145259680391
0.143787333941
0.141915738791
0.145370356612
0.143601655536
0.144366358922
0.142869998014
0.143123342317
0.142209366475
0.141513904067
0.140422791398
0.140880129623
0.142278012147
0.140530617322
0.154201487877
0.15112025778
0.150372706332
0.1483060042
0.146027860983
0.144963045772
0.143793030136
0.14396080349
0.142618943808
0.140682416812
0.146405732545
0.142256955347
0.142881181864
0.14244921274
0.142866056077
0.142688298326
0.141999377052
0.145053269335
0.139686078815
0.140822055939
0.154998289975
0.149385752605
0.150419420121
0.145884174412
0.145797029068
0.14481142894
0.146675931787
0.143798697333
0.143645864391
0.140857119545
0.143077220176
0.143459188781
0.14338971502
0.142486204568
0.141710993659
0.14314543966
0.144184725056
0.1394766186
0.142458075919
0.140940089553
0.155641878669
0.153679727379
0.149611295162
0.148508206723
0.147527476972
0.148260399973
0.143609024547
0.144861514767
0.145222614525
0.143054632237
0.141438306758
0.144437131775
0.14061583893
0.141348782237
0.145501995215
0.14117658011
0.141764115181
0.142445560931
0.141267714503
0.142438406439
0.15667070948
0.150285142013
0.150501494096
0.148201320537
0.147894147624
0.148617852191
0.148283754998
0.141675026255
0.147996150618
0.144135543288
0.14112236524
0.143615469136
0.144936212658
0.141489585477
0.139607334971
0.143638906674
0.142576707849
0.143138943749
0.140563034373
0.142970221219
0.154066990452
0.151316778844
0.149428924218
0.150567921323
0.146336312077
0.148178417012
0.145068067504
0.143044850616
0.143714166353
0.14475854037
0.144679726107
0.142629231892
0.142240408363
0.143990688921
0.143021380897
0.143320402756
0.143050978334
0.140448253145
0.141245536062
0.141765867792
0.155468849606
0.153368819104
0.150189815633
0.150394305598
0.146660544198
0.146581351943
0.147114688808
0.146943697963
0.146015254335
0.145239733154
0.144605870731
0.144609455079
0.143187280297
0.143198779429
0.141514837488
0.143762621089
0.142346615464
0.141247126029
0.138861744577
0.141785824722
0.156368152956
0.154779132893
0.150352374929
0.148831349279
0.147218008496
0.148062894305
0.147804984995
0.147367223439
0.144310086903
0.144365428727
0.14778754059
0.141923886259
0.144024806918
0.144509950776
0.142449264254
0.144297667437
0.14207906943
0.143208906589
0.141198491076
0.140584620918
0.15678505633
0.152730963866
0.150803705396
0.147915763179
0.148605596891
0.147369099885
0.144240059476
0.143765698797
0.143714738929
0.146436135047
0.144242431512
0.146154984933
0.140987321971
0.14187503708
0.142175438435
0.141572063419
0.142778270166
0.141404350887
0.144500309713
0.143187870685
0.158328206231
0.152997997524
0.150694921571
0.149121423755
0.15108588985
0.14564497247
0.147413982707
0.149701692092
0.14209996826
0.144727825224
0.14328073352
0.145260090752
0.144449287016
0.144189356774
0.143436613018
0.145376993674
0.142355297864
0.143431455569
0.143331038235
0.142335238831
