-1.04998188608
-1.03875684922
-1.03675925732
-1.03206422607
-1.025999849
-1.02502621018
-1.02271063014
-1.02104932142
-1.01881742618
-1.01860569128
-1.01702610324
-1.01703349669
-1.01670898516
-1.01627647013
-1.01515058604
-1.01596392898
-1.01457263939
-1.01442399544
-1.01273650225
-1.01154498357
-1.08039734694
-1.06903152362
-1.05491694327
-1.04910998419
-1.04708219704
-1.03787828055
-1.03566296148
-1.03313165709
-1.03250149288
-1.03020209802
-1.02778417346
-1.02534230377
-1.02566928473
-1.02329666657
-1.02380107543
-1.01940598405
-1.02004212353
-1.01873514409
-1.01816712175
-1.01876456125
-1.10161477226
-1.08112332435
-1.07050103581
-1.06298932115
-1.05587395244
-1.05020450663
-1.04647569766
-1.04230095074
-1.04264852298
-1.03646271499
-1.03556247789
-1.03245125901
-1.03281150922
-1.03071604378
-1.02897614575
-1.02878333453
-1.02780594817
-1.02287905052
-1.02460386503
-1.02691339318
-1.11115751174
-1.09102569277
-1.08248251654
-1.07445869551
-1.06537255729
-1.0594903124
-1.05535454345
-1.05344944703
-1.04882803017
-1.0422708775
-1.04269413189
-1.0409500315
-1.03711323111
-1.03881437896
-1.03459685293
-1.03129556222
-1.03286149925
-1.02893223204
-1.02863182724
-1.02991861898
-1.12269413045
-1.10401023159
-1.08791946275
-1.08301263267
-1.07228970207
-1.06816561875
-1.06377021074
-1.05809634476
-1.053227826
-1.04965404023
-1.04846192311
-1.04602773767
-1.04220396234
-1.04109442352
-1.0390927499
-1.03799603397
-1.0355740314
-1.0326434263
-1.03522775885
-1.03363653466
-1.12690216284
-1.11631333638
-1.10258183427
-1.0885744433
-1.08309271104
-1.07156609333
-1.07002671671
-1.06377077919
-1.05936149662
-1.05531195096
-1.05381686521
-1.04640767659
-1.04741707956
-1.04765365911
-1.04167913737
-1.03988185092
-1.04216725299
-1.03943380648
-1.03706270499
-1.03538679197
-1.14002397172
-1.1231128276
-1.11084015655
-1.09455791602
-1.08561626697
-1.0799832496
-1.0735789207
-1.06669045748
-1.06132577308
-1.06213594083
-1.05720817112
-1.05566416194
-1.0530488151
-1.05002045478
-1.0485613286
-1.04609860495
-1.04201104688
-1.04277757368
-1.04151662544
-1.03914313593
-1.14423638395
-1.12619087552
-1.11257266823
-1.1025894841
-1.09174243107
-1.08774976625
-1.07873520399
-1.07252972576
-1.06911623832
-1.06508792153
-1.06287159558
-1.05860168187
-1.05721804355
-1.04988589725
-1.05023341448
-1.04897021909
-1.04750929741
-1.04593821627
-1.04403680401
-1.04172149475
-1.14845534812
-1.13352687255
-1.12042437092
-1.1067029446
-1.09550530179
-1.09209660956
-1.08249625299
-1.07825156349
-1.07092161067
-1.06881992853
-1.06447303632
-1.06255729285
-1.06145247897
-1.0542331209
-1.054854782
-1.0493330644
-1.04955576223
-1.04835865312
-1.04569955517
-1.04665716709
-1.15645899972
-1.13891205589
-1.1201853255
-1.11059335315
-1.10029366306
-1.09299048822
-1.07870413837
-1.08016778834
-1.07684962504
-1.07221252914
-1.06640199264
-1.06584311172
-1.06233353547
-1.06075994423
-1.05744283372
-1.05373720666
-1.0546816854
-1.05182625959
-1.04867725634
-1.0427503905
-1.15954936518
-1.14025310598
-1.12396903289
-1.11482406435
-1.10486816742
-1.09582366972
-1.09171965572
-1.08523780868
-1.07594163902
-1.07476316125
-1.07394575785
-1.06935395936
-1.06552243545
-1.0618520415
-1.0601715893
-1.05815523294
-1.05031452431
-1.05020257647
-1.05052229525
-1.0485658912
-1.16056848793
-1.14170168148
-1.12910214041
-1.11500975315
-1.10649037123
-1.10082541982
-1.09160052234
-1.08654166946
-1.08217750716
-1.0760419444
-1.06961510586
-1.06705121531
-1.0644738712
-1.06620150424
-1.06054392591
-1.05885091211
-1.05510372451
-1.05429727802
-1.05432658588
-1.05138153707
-1.16521701945
-1.14680088929
-1.13297194647
-1.11919660512
-1.11186108754
-1.10481872996
-1.09697870854
-1.09055445276
-1.08524375826
-1.08171441295
-1.0766044932
-1.07244914203
-1.06933808459
-1.06708449858
-1.06439988413
-1.06383582376
-1.0608326532
-1.05774982718
-1.05728672078
-1.05345251376
-1.17052099185
-1.14841757538
-1.13610193456
-1.12227769611
-1.11523131344
-1.1056023572
-1.10044440796
-1.09452316554
-1.08669007779
-1.0818119184
-1.07937580062
-1.075727772
-1.07000112849
-1.06885077889
-1.0659101804
-1.06342746893
-1.06068664132
-1.05930080708
-1.05670889713
-1.05552475846
-1.16482472007
-1.15206696031
-1.13746616779
-1.12599015362
-1.11282198849
-1.10985043359
-1.10166949676
-1.09482594574
-1.09288707066
-1.08195888599
-1.08052741594
-1.07511129985
-1.07065434388
-1.07041741807
-1.06648172648
-1.06520033847
-1.05953184473
-1.06227956972
-1.05705953679
-1.05784006655
-1.16879985951
-1.15101361694
-1.13714652181
-1.12794465591
-1.11860301192
-1.11355972622
-1.10204193204
-1.09376303154
-1.08971851646
-1.08525152544
-1.08250075771
-1.07945109721
-1.07490705479
-1.07178047095
-1.07170322458
-1.06750733639
-1.06725454794
-1.06070900644
-1.06012625602
-1.05674055016
-1.17411225976
-1.15767642563
-1.13761258535
-1.13205901826
-1.11862399225
-1.113434579
-1.10726930535
-1.09900996637
-1.09655376179
-1.09068421318
-1.08462709275
-1.07906466182
-1.07539263916
-1.07498910143
-1.0699842794
-1.06428217685
-1.06431106709
-1.06243585614
-1.06014527434
-1.05833990074
-1.17698735839
-1.15579476924
-1.1428714743
-1.13241016467
-1.12275172645
-1.11450393736
-1.10340855817
-1.10201516195
-1.09503968743
-1.09026396319
-1.08969266242
-1.08143078722
-1.0764118146
-1.07453815386
-1.07079270861
-1.0717403082
-1.06841937403
-1.06348649762
-1.06373099794
-1.06014838547
-1.17572178437
-1.15907633256
-1.14159664003
-1.13123602682
-1.12856341476
-1.11475626415
-1.10679926598
-1.09997459784
-1.09568107506
-1.09455508131
-1.08578890166
-1.08418070478
-1.07688503083
-1.0741297891
-1.07430535303
-1.07257638233
-1.06699030829
-1.0668832442
-1.06641149246
-1.06276091911
-1.17979139257
-1.15965824858
-1.1479186426
-1.13503710692
-1.12841892364
-1.11567393628
-1.10990234247
-1.10336181597
-1.09708322845
-1.09586159186
-1.08874672661
-1.08294049073
-1.0815368442
-1.07951780567
-1.07670535229
-1.07464707081
-1.07217638887
-1.06464156651
-1.06477162485
-1.06306228799
