0.0146891115076
0.0101740419283
0.00740931656407
0.00584426112069
0.00446932396295
0.00383380954778
0.00319402194314
0.00274287727714
0.00228252376464
0.00197611877675
0.00190345746983
0.00181112352329
0.00135286569251
0.00124177896526
0.00122249492444
0.00115633792692
0.001092038513
0.000729701344215
0.000801773450316
0.000677755966289
0.0211449026819
0.0154183970361
0.0117875777611
0.00865696170438
0.00722547382146
0.00661557153594
0.00521813382039
0.00484085413877
0.00411583547744
0.00363681693385
0.00327066875775
0.00305846639841
0.00270773259022
0.00230620073044
0.00225252079983
0.00187027199393
0.00163872860383
0.00148241450274
0.00137444968129
0.0016930681707
0.0255771684653
0.0195639133352
0.0143455924038
0.0117413089535
0.0102204509398
0.00790406174359
0.00728143285711
0.00586706235163
0.00479807493911
0.00427069711195
0.00445442914405
0.0040514185631
0.0039643047873
0.00331000878781
0.00313668403672
0.00312659628472
0.00273862375545
0.0021181434167
0.00230762935089
0.00182040684809
0.0277024713894
0.020394293385
0.0161921594566
0.0135894182096
0.0111569086856
0.00919385800241
0.00843774923626
0.00802741462916
0.0062870403912
0.00501034209776
0.00486627599234
0.00518602548842
0.00460325179824
0.00432129947938
0.00320456644615
0.00318964368024
0.00336094441018
0.00270911341426
0.00262320199564
0.0027579793902
0.0303995020634
0.0213986084415
0.016206048777
0.0140842586481
0.0125558249427
0.0104382130046
0.00962323823203
0.00781569703761
0.00667777806394
0.00625828325358
0.00638408479204
0.00613009548892
0.00539121095961
0.00430785510262
0.00406946916748
0.00347579117864
0.00302620890326
0.00334227770962
0.00309278932995
0.00328862534656
0.0301804570165
0.0249062867436
0.0189816091712
0.0152294960523
0.0128485911011
0.0111077229043
0.0100044023189
0.00873087341067
0.00728681802191
0.00711621026741
0.00645588298704
0.00533368383611
0.00588426735796
0.00588218732604
0.00459097888101
0.0040525912774
0.00436302821797
0.00432238353702
0.00348284919952
0.00336781111838
0.0334567198205
0.025317821366
0.0204527800786
0.017349457035
0.0131589485769
0.0132027162255
0.00960416759826
0.00919179579027
0.00714983192933
0.0078844916262
0.00614290160399
0.00734559770958
0.00598488014824
0.00537706349404
0.00543858501558
0.00474319802803
0.00485290516935
0.00416050085647
0.00431198252115
0.00306923663439
0.0342427484099
0.0276282279128
0.0214164430375
0.0175130632833
0.0142662555188
0.0136515425006
0.012154130378
0.0104806793035
0.00854210326898
0.00791633173766
0.00737028702621
0.00743709008572
0.00747620807726
0.00590525295688
0.00546086509159
0.00546282594912
0.00440310394305
0.00462770777843
0.00467229255663
0.00503346583467
0.0357289784912
0.026124044722
0.0213550375491
0.0179795059412
0.0151489544753
0.0148304481837
0.0122973475166
0.0105881097252
0.00899032825888
0.009507032045
0.00812376780882
0.00774910072432
0.00678717459595
0.00646893172109
0.00649337008462
0.00511434643846
0.00602078044762
0.00522951107604
0.00496572347236
0.00521213654677
0.0353697039879
0.0283188198982
0.0232047178883
0.0201698793919
0.0146441913113
0.0141414449253
0.011496860448
0.0106739290596
0.0105687234789
0.0080183272667
0.00768140959743
0.00800829801146
0.00818392888035
0.00759799820269
0.00737230088354
0.00703368188181
0.00642340255065
0.00574437461209
0.00445504389868
0.00382881085119
0.0367829806137
0.0274189991573
0.0213847462819
0.0187888690974
0.0175416236911
0.0139685828583
0.0129395957004
0.0133236751841
0.0101215192979
0.00938018639846
0.00901326343154
0.00907704135642
0.00744293882309
0.00734456001332
0.00696575158564
0.00606204657948
0.0041937977047
0.00480989123331
0.00645437128338
0.00549203639224
0.0384408510603
0.0264921275736
0.0251624621176
0.0182630640081
0.0162320151566
0.0174441916515
0.0124896502058
0.0120325643146
0.0108954882724
0.00890563732538
0.00782527001032
0.00841935697405
0.00676588751115
0.00912219325273
0.00714775262785
0.00766884104072
0.00622085745479
0.00495476790347
0.0051826572866
0.00600325492405
0.0393704288149
0.0254052623425
0.0244717176271
0.0192836594344
0.0163887735776
0.0167288539486
0.0129262580964
0.013391978526
0.0109818331035
0.010966660632
0.011290945988
0.00935283580655
0.00931092147499
0.00842238613825
0.00822309897581
0.00716768768933
0.00602035767606
0.00669601711157
0.00629797343475
0.0061654527398
0.0410729888151
0.0293546543888
0.0244516291753
0.0210755536186
0.0179728466795
0.0142072493175
0.0153382883474
0.0152544867847
0.0131531906259
0.0107070580059
0.0100980974116
0.00986990836542
0.00843327958809
0.00829008693117
0.00706856259394
0.00748101260261
0.00697248132942
0.00698066544508
0.0067499265978
0.00696925996176
0.0377635458344
0.030840833058
0.0260819544558
0.0214432598783
0.0196971299379
0.0162192191604
0.0158441203045
0.012037310943
0.0131947342759
0.011347792612
0.0095561147996
0.00988292052608
0.0081616232083
0.00776270048271
0.00705661790546
0.00806617009153
0.00752339209516
0.0086334770543
0.00590445156818
0.00738501361938
0.0399646194921
0.0322446473606
0.0244374223751
0.0227624255591
0.0197174076931
0.0155600327604
0.0161012538509
0.0131689727121
0.012929733257
0.00940495334385
0.0117976945878
0.00949604182924
0.00925968944835
0.0071786181634
0.00859108245112
0.00789139820282
0.00734602998432
0.006622348508
0.00608784086799
0.00664395968666
0.041903100267
0.030799104451
0.0240101249758
0.021826808
0.0205804633409
0.0175744286027
0.0170161785187
0.016250531424
0.0125416346684
0.0142697605896
0.0119772735853
0.00999950050557
0.00870997461992
0.0109597581627
0.00871731284071
0.00624538571175
0.00636577181291
0.00742993726541
0.00701138527613
0.00576246552453
0.0418225917804
0.0318536309652
0.0239247230606
0.0221503586236
0.0206410751994
0.0170456863474
0.0163551018604
0.0149129055401
0.0135343505662
0.0136841168118
0.0117914310709
0.010769753478
0.00889136575908
0.00951854876833
0.00680800380325
0.0107048846209
0.00697612372285
0.00726991427083
0.00733468675502
0.00915323856718
0.039996427442
0.0326286019795
0.0256934274653
0.0231875276451
0.0224586660423
0.016699405949
0.0157037219464
0.0139728866801
0.0141616822636
0.0134583966985
0.0133493572681
0.0134376295205
0.00970532521607
0.00735176532665
0.00901775765528
0.00870337292609
0.00834105809601
0.00800795729969
0.00697655392593
0.00613083507153
0.0463638740578
0.0314753514173
0.0273263841363
0.0226681370266
0.0233042938442
0.0171958067188
0.0170534435251
0.014909290302
0.0128018576554
0.0131575614248
0.0123666709964
0.00911781594584
0.0110501804335
0.00989005869995
0.00894953546049
0.0100666607009
0.00844164610494
0.00630924837599
0.00839192968989
0.00789997061828
