0.0043215
0.004849
0.004953
0.0052795
0.005614
0.005696
0.005536
0.0055315
0.005948
0.0061315
0.0059915
0.006062
0.006214
0.006164
0.0062075
0.006294
0.0062285
0.006178
0.006243
0.006469
0.0031695
0.003459
0.004004
0.0044035
0.0044005
0.004868
0.0049985
0.005431
0.0051935
0.0054135
0.005487
0.005474
0.0057915
0.005854
0.0057485
0.0059175
0.0058205
0.0059975
0.0059075
0.006128
0.002457
0.003044
0.0033585
0.0036305
0.0040785
0.004145
0.004524
0.0046835
0.004655
0.004972
0.0049055
0.0052275
0.0051725
0.005297
0.0053055
0.00547
0.005531
0.005859
0.005665
0.0057075
0.001974
0.002564
0.002996
0.003112
0.003545
0.003694
0.0041075
0.00403
0.0044795
0.004685
0.004562
0.0048975
0.004828
0.004839
0.005173
0.0051185
0.0051965
0.005234
0.005488
0.0054235
0.001755
0.0022485
0.0027395
0.002912
0.00322
0.00362
0.0035735
0.004043
0.0042975
0.004456
0.0045305
0.004682
0.0047275
0.0046665
0.004794
0.004966
0.0048415
0.005194
0.004976
0.005215
0.001707
0.0020605
0.0023665
0.002755
0.0029825
0.0032885
0.003393
0.0036835
0.0038225
0.003953
0.0040185
0.0042845
0.004318
0.0044065
0.0045015
0.0047515
0.004734
0.004901
0.005093
0.004943
0.0014795
0.0018745
0.0021
0.0024
0.00281
0.0030025
0.0032115
0.003491
0.003736
0.0038325
0.0037715
0.0039775
0.0042095
0.004447
0.0044255
0.0044105
0.0046045
0.004767
0.004678
0.0048955
0.0012965
0.0016265
0.0020365
0.0023015
0.0025485
0.0027135
0.003101
0.003156
0.0034645
0.0035685
0.003661
0.003855
0.0040125
0.004335
0.0040525
0.0043445
0.0045035
0.004463
0.0046285
0.0049115
0.0012855
0.0015235
0.0017785
0.002178
0.0024575
0.002629
0.0029565
0.0030685
0.0032845
0.003417
0.003485
0.003615
0.0038325
0.003945
0.0039835
0.004196
0.004235
0.004353
0.0044335
0.0047215
0.001093
0.0014095
0.001831
0.002053
0.0023315
0.0025855
0.0028395
0.002986
0.003074
0.0033815
0.00352
0.003498
0.003668
0.0038665
0.004008
0.004026
0.004125
0.004252
0.0042
0.0045475
0.0010525
0.001401
0.0017095
0.0019775
0.002065
0.0024435
0.002552
0.0028225
0.0031165
0.0030585
0.0032135
0.0034005
0.003478
0.0036635
0.0037505
0.003871
0.004212
0.0041085
0.0042585
0.0043055
0.0010345
0.0013255
0.0015325
0.0018745
0.0021375
0.0023485
0.0024665
0.002833
0.0029035
0.0031095
0.0034435
0.0034275
0.0035825
0.00354
0.0037225
0.0038625
0.0038415
0.004134
0.003971
0.004138
0.00097
0.0013705
0.0014825
0.0018125
0.0020145
0.002268
0.0024205
0.0026475
0.002802
0.002961
0.003178
0.003144
0.003257
0.003436
0.0035965
0.0036315
0.003901
0.0039185
0.003985
0.0039625
0.0008635
0.001231
0.001419
0.0017475
0.001944
0.0022065
0.00225
0.002486
0.002732
0.0029145
0.0031275
0.0031135
0.0033185
0.003427
0.0035805
0.0036605
0.003654
0.0038545
0.0039445
0.004056
0.000932
0.001134
0.001414
0.0016865
0.001818
0.002013
0.002167
0.002456
0.00267
0.002803
0.0029545
0.0030015
0.0032325
0.0033215
0.003365
0.003509
0.0035405
0.0037005
0.003843
0.0039955
0.000896
0.001073
0.001426
0.0015575
0.0017325
0.0019805
0.002239
0.0025205
0.002519
0.0027185
0.00287
0.002945
0.0031015
0.003212
0.003308
0.0035805
0.0035155
0.003704
0.003855
0.0038175
0.000871
0.001058
0.0013685
0.001522
0.001706
0.0019925
0.002138
0.0022255
0.002494
0.002633
0.002737
0.002952
0.003056
0.0031575
0.0033655
0.003552
0.003595
0.003485
0.003651
0.003928
0.000844
0.000977
0.0013025
0.0014405
0.001771
0.0019025
0.0021535
0.002243
0.0023655
0.002609
0.0026115
0.002777
0.003029
0.0031055
0.003375
0.0033055
0.003456
0.0035745
0.003563
0.003779
0.0008135
0.0010455
0.0012915
0.0014675
0.001622
0.0019005
0.0020675
0.0022275
0.0023675
0.0024055
0.002574
0.0026835
0.002989
0.003106
0.003162
0.0033165
0.0034865
0.003559
0.003541
0.0035735
0.000761
0.000966
0.001206
0.001422
0.0015715
0.0018225
0.001973
0.0021135
0.0023175
0.0024055
0.0026135
0.0027865
0.002827
0.0028865
0.003096
0.00313
0.0033605
0.0035505
0.003367
0.0035805
