0.00660725077093
0.00584445882867
0.00615816864011
0.00583397418146
0.00744986603906
0.00553778692259
0.00514659635099
0.00515013424582
0.00633983801055
0.00657858896345
0.00599739966569
0.00520930955118
0.0054963355065
0.00602806801554
0.00485557089846
0.00528685293913
0.00542050853242
0.00802298672565
0.00632852281342
0.00782457915801
0.00450101596865
0.00414011702733
0.00597990250757
0.00638359716383
0.00475607240799
0.00537308812509
0.00551770991898
0.00677314469061
0.00565289153885
0.00614775509841
0.00574981138821
0.00556799551006
0.00511750942842
0.00682650598769
0.00496032990334
0.0070455886021
0.00714502657448
0.0073582687332
0.00740329782935
0.00548225464567
0.00450340437891
0.00567790137287
0.00428606494934
0.00439102433949
0.00391250722044
0.00539775184683
0.00450493329584
0.00603572305113
0.00598449872588
0.00672879751516
0.00581749041684
0.00532389601232
0.00437102605231
0.00549816251124
0.00573563812928
0.00489043454102
0.0055952916814
0.00778107441167
0.00511390506365
0.0052562647146
0.00480203852546
0.00556070175428
0.00503102713171
0.00485694924824
0.00570115996969
0.0051621326988
0.00465317834926
0.00408345441997
0.00562833943095
0.00797007057685
0.00494258596283
0.00537676657016
0.00483064861069
0.00441795529629
0.00683429374552
0.00584904545631
0.0050463861079
0.00647541458132
0.00582418286114
0.00489599558313
0.00438921690054
0.00656815215643
0.00678980962546
0.00539736102183
0.00415332397003
0.00695182350179
0.00390896057156
0.00647814796064
0.00744495592667
0.00550155105402
0.00491158780335
0.00405192867657
0.0050963829085
0.00601162646461
0.00494027468872
0.00702944478604
0.00736990520631
0.00653183465804
0.00547061916057
0.00544263493172
0.00840716367154
0.00371557058202
0.00375167332666
0.00551069188034
0.0055205813779
0.00622614589855
0.00508510580028
0.00543973370212
0.00689812429215
0.00592197526168
0.00524938403529
0.00727866297818
0.00465922482823
0.00398370214122
0.00580190682018
0.00615031484966
0.00489044926362
0.00497151375338
0.0061574224315
0.00518080601837
0.00479095029717
0.0039476100048
0.00372759976392
0.00433110840317
0.00677830362259
0.00454165374616
0.00595116734347
0.00563976231769
0.00803895540478
0.00457160461436
0.00648674901241
0.00447826626609
0.005532086835
0.00652753330133
0.00463581974952
0.00537534787246
0.00554632353456
0.00526428637139
0.00467649077835
0.00754716534535
0.00406509074314
0.0037073741044
0.00433307543784
0.00321636017106
0.00590300963492
0.00374937231413
0.00440244806897
0.00452262799708
0.0053144486779
0.00644989788679
0.00500115776596
0.00483792052436
0.00444994030859
0.00567120137184
0.00532168852433
0.00556513205144
0.00714313395856
0.00489375939335
0.00472711463263
0.00503612378224
0.00594910621438
0.00399397330362
0.00381134002026
0.00502009123423
0.00500298098637
0.00293574675338
0.00552338055452
0.00520919213986
0.00619105683628
0.00512055768447
0.00555884655302
0.00482807156119
0.00522827110525
0.00548256098917
0.0046926115064
0.006993592353
0.00420951600543
0.00597792949105
0.00626709284677
0.00429022875264
0.00427751107538
0.00304839051796
0.00499746825903
0.00397041446199
0.00616435177046
0.00596919716126
0.00723010129597
0.00590792298528
0.00585312087693
0.00644364669655
0.00686400757575
0.00465596348783
0.00471458121152
0.00431477725381
0.00431418427979
0.00452979845026
0.00474490516238
0.00457001050327
0.00610329828863
0.00791643030349
0.00376286044785
0.00682736764793
0.00637567523875
0.0045290306634
0.00295389996445
0.00516714938336
0.00371349511916
0.00386621504187
0.0060673554989
0.00603913923916
0.00519228203683
0.00396638686338
0.00552016901915
0.00585080274407
0.00443027930835
0.00533679295083
0.00853743556345
0.00688313901865
0.00498869248902
0.00525407410968
0.0059309514203
0.00596847340197
0.00326463148763
0.00545606311822
0.00513801700562
0.00352081989741
0.00535854483512
0.00511552646362
0.005114764193
0.00740603704757
0.00764409463246
0.00610392240694
0.0070241952386
0.00393248013345
0.00527234471085
0.00452677796562
0.00643981775751
0.00740012121522
0.00539637924909
0.00459273404412
0.00418976132972
0.0077703831791
0.00397980134554
0.00658536018377
0.00535869991229
0.00431308196073
0.00562956967716
0.00465651358314
0.00540301267813
0.00461849315253
0.00389741144864
0.00451450595304
0.00486818251507
0.00471994745733
0.00520694850656
0.00515017793382
0.00592964577357
0.00493449417367
0.00470898343594
0.00481640101632
0.00276491279248
0.00513905526337
0.00484540390473
0.00524086049709
0.00396514362918
0.00702037981522
0.00310455310794
0.00319789837237
0.00463202720199
0.00492326769026
0.00491254707357
0.00503219561921
0.00593484900819
0.0045052381735
0.00576111054832
0.00480042860066
0.00537036162656
0.00465023706385
0.00565199475849
0.00520832161065
0.00667943680261
0.00508559672015
0.00397122197818
0.00508183950455
0.00458449844585
0.00420262786837
0.00338896901727
0.00598327368587
0.00436833492306
0.00556497448332
0.00590832503761
0.00506262014672
0.00630177108042
0.00577113617497
0.00583249732105
0.00481668132639
0.0052787531435
0.0036650954626
0.00658762863252
0.00487725381234
0.00609618191986
0.00428962947118
0.00584532069266
0.00434109073275
0.00369902943351
0.00503204677542
0.0049148376372
0.00624247184615
0.00472896806925
0.00700900369168
0.00506481490284
0.005304123396
0.00598851590546
0.00581517893104
0.00390821391431
0.00470636746865
0.00479806051963
0.00579671320664
0.00623508019195
0.00510020281459
0.00553763117226
0.0056585233056
0.00627973588218
0.00454879280689
0.00421130193646
0.00489931819236
0.0043926024177
0.00355770638895
0.0047365825233
0.00343664967665
0.00335530639436
0.00506428139029
0.00515066636466
0.00421189609915
0.00571255501068
0.00878032152031
0.00741744396676
0.00575410940111
0.00554481280117
0.00655862531328
0.0053380861739
0.00335715221579
0.00504602504453
0.00393971252124
0.00497004114671
0.00479125440255
0.00534715464055
0.0047364228063
0.00486359278209
0.0038702543844
0.00403976394731
0.00490652840611
0.00671720991186
0.00483210562281
0.00713248729407
0.00358015987771
0.00635122539358
0.00639660650267
0.00505163646752
0.00409034338412
0.00717344706191
0.00453853552922
0.00648366429961
0.00552723427674
0.00315632159325
0.00577898994202
0.0049498049204
0.00524629571698
0.00445124350603
0.00307952021425
0.00386225633536
0.00309195775359
0.00612185666281
0.00763395467631
0.00534184013239
0.00406930003195
0.00535422195562
0.00509850654604
0.00506478716236
0.00582348458829
0.00434334306727
0.00560984349158
0.00461861061359
0.00438935257185
0.00290934060399
0.00494950691989
0.00487016642426
0.00454186005399
0.00492088089167
0.00406515002798
0.00459412589619
0.00645370380092
0.00430863331
0.00474554978374
0.00504671021558
0.00360507974946
0.00477594647688
0.00811284936074
0.00480078753956
0.0048675090909
