1.03653183549
1.02920440336
1.02392344119
1.02055387012
1.01832205357
1.0159335624
1.01383812001
1.01236545479
1.01170663291
1.01092364291
1.00983797793
1.00924077879
1.00882169617
1.00807888372
1.00765080267
1.00727749757
1.00686956449
1.00638915504
1.00614732864
1.00606035754
1.05926220366
1.04728610783
1.04078380624
1.03553455314
1.03043433417
1.02859961451
1.02529342227
1.02412879431
1.02114732226
1.01962231278
1.01849473935
1.01698822384
1.016503614
1.01538235561
1.01449173601
1.0138215158
1.01299833431
1.01247192702
1.01172259762
1.01154143172
1.07622770975
1.06365114932
1.05298803459
1.04655281972
1.0425334184
1.03737079318
1.03517090552
1.03240980191
1.02921492693
1.02807527775
1.02540008797
1.02450857447
1.02277136103
1.02160452335
1.02026433667
1.01946487039
1.01882432783
1.01831918164
1.01701651738
1.01638463211
1.08690669147
1.07504254823
1.06557688087
1.05633150925
1.05150393164
1.04608555559
1.04355262327
1.0386035811
1.03721538344
1.03526153161
1.03190347387
1.03097822767
1.02874321378
1.02729309953
1.02627317724
1.02495627679
1.02397898065
1.02230418064
1.02225233799
1.0209283585
1.10209949216
1.08669486075
1.07525533486
1.06588467717
1.0591114446
1.05562643097
1.0498011366
1.04755524188
1.04500058259
1.04178618665
1.03963734299
1.03726505403
1.03486212126
1.03252669745
1.0312144592
1.03010987702
1.02806649602
1.02789093491
1.02572961904
1.02539904052
1.11534791686
1.09596651277
1.08370329335
1.07492437751
1.06758887977
1.06241954026
1.05623637277
1.05350446217
1.0500057246
1.0463537978
1.04335821626
1.04188943855
1.0396172678
1.03765453582
1.03582067924
1.03532879522
1.03326564469
1.03187055427
1.03145432213
1.02929660466
1.12355899816
1.1061881996
1.09012681846
1.07949413786
1.07514341734
1.06886902945
1.06360442064
1.06016299594
1.05672453332
1.05291624514
1.04863379775
1.04658695785
1.04488231836
1.04367837629
1.04097025936
1.0389066123
1.03766380477
1.03647693601
1.0342229636
1.03392533255
1.12863261578
1.11102493936
1.09881320153
1.08885504479
1.08068677328
1.07402117147
1.0705276517
1.06404588801
1.06167226437
1.05783939679
1.0537824907
1.05182210572
1.04931823294
1.04907703673
1.04408284777
1.04305418402
1.04186072351
1.04027757104
1.03947146374
1.03858974858
1.14408362595
1.11684553745
1.1050473746
1.09629217396
1.08759023187
1.0806401554
1.07642900178
1.0697698792
1.06634173105
1.0632422042
1.05846136225
1.05634288775
1.0545142984
1.05182529488
1.0492700639
1.04753954192
1.04576875402
1.04378223086
1.04271434096
1.04200161848
1.14941666594
1.12795584314
1.11450917891
1.10184388477
1.09346322317
1.0884111517
1.08171340718
1.076207382
1.07106727643
1.06906512362
1.06552107408
1.06039008064
1.05865017979
1.05604421651
1.05437326666
1.05152507935
1.04989843396
1.04832438757
1.04526903436
1.04524244197
1.15793701689
1.13730348743
1.12212901052
1.10792451068
1.09722798402
1.09284552334
1.08453886971
1.08105916876
1.07733385209
1.0706047907
1.06866011561
1.06516355049
1.06207048047
1.059546486
1.05720830309
1.05428159464
1.05482400907
1.05110903771
1.05033972686
1.04828227281
1.16779660183
1.14181900941
1.12555836773
1.11483124642
1.1058905009
1.09809442164
1.0908408928
1.08817243241
1.08080910272
1.07806233851
1.07556870859
1.07066535269
1.06769484805
1.06376853805
1.06112997675
1.06015254149
1.05691588457
1.05591020011
1.05246398256
1.05167975969
1.17495090961
1.15285570698
1.12979684948
1.12115187343
1.11169048427
1.10451791399
1.09541985821
1.09085752656
1.08618120824
1.08130093095
1.07856389788
1.07327697112
1.07012022583
1.06716566457
1.06467105501
1.06270634167
1.06196918604
1.05942238915
1.05701128452
1.05404324099
1.1795302945
1.15468528001
1.1365282206
1.12809396277
1.11639868611
1.10856512931
1.10010906887
1.09526949465
1.09120755218
1.08642073226
1.083194421
1.07714295437
1.0751236589
1.07277864246
1.06973101536
1.06761969464
1.06399459067
1.06265008181
1.06041442411
1.0589011883
1.19386151054
1.16308078022
1.14491748276
1.1309397845
1.12107400515
1.11112595884
1.10321978085
1.10046477983
1.09555750337
1.08915465732
1.08586119763
1.0804846215
1.07895338014
1.0752127902
1.07277071464
1.06950840854
1.06657468919
1.06517215674
1.06352667868
1.06282117594
1.20085219012
1.16821796464
1.15409275163
1.13757967736
1.12611392766
1.11709327634
1.11169320122
1.10721716134
1.09990672367
1.09378189566
1.09077888137
1.08408258019
1.08271178844
1.07881090335
1.07680174726
1.07466088046
1.07110422771
1.06926605912
1.06723846633
1.06473001296
1.21067235276
1.17805209216
1.1590903462
1.14214524614
1.13045892139
1.12524037311
1.11680193141
1.10887631439
1.10437675153
1.09868640836
1.09367370915
1.09031891033
1.08570074169
1.08251656981
1.08098546629
1.07858738282
1.07566757187
1.07077066939
1.06890574575
1.06905557398
1.21761230466
1.17791391634
1.1623437374
1.14697910999
1.13972788013
1.12684372117
1.12161489922
1.11299956605
1.10641127106
1.10287257285
1.09530126963
1.09348800227
1.09133510068
1.0863339137
1.08527294143
1.08052730479
1.07751515372
1.07679499795
1.07224290401
1.07242706485
1.2273040662
1.18892851811
1.16879072633
1.15603954186
1.14274105231
1.13290325648
1.12553034784
1.11730440097
1.11212317352
1.10448885015
1.09992243527
1.09600140156
1.09434818582
1.08995230957
1.08708060454
1.084410074
1.08291821239
1.07960506703
1.07624677739
1.07239936768
1.23456363512
1.19578311569
1.1747684106
1.15964233386
1.14754354085
1.13707692088
1.12876747426
1.12106571236
1.11713866704
1.10777649673
1.1056123471
1.10287030425
1.09695650784
1.0919871888
1.08957821892
1.08628771551
1.08556299593
1.08404349015
1.07779605011
1.07645189426
