0.0104260479569
0.00949881066239
0.00884238225819
0.00848666341974
0.0101519621749
0.00847865531791
0.00831867753913
0.0084711508073
0.00941137588241
0.00945912025508
0.00943103387758
0.00783604492075
0.00799333997776
0.00886792399607
0.00735947688358
0.007455824837
0.00824069778599
0.0107994701722
0.00917667129192
0.0105820638819
0.00740718570039
0.0066579576448
0.00932047616809
0.00917605056656
0.00704696700716
0.00863165592456
0.00829507420099
0.00983246439099
0.00811498835489
0.00860687608834
0.00863413203513
0.00893229556161
0.00730191865197
0.00948746942024
0.00780794748958
0.0105233690423
0.0107416816188
0.0108400745385
0.0106756927644
0.00827767576074
0.00757878380745
0.0088379950215
0.00689796346758
0.00762194830736
0.00656600335059
0.00871761068183
0.00724384538764
0.0090332771462
0.00822931443074
0.00957074939595
0.00939401745794
0.00880753858919
0.00671640260854
0.00835830102353
0.00849804306885
0.00754296785092
0.00844547950089
0.0111474481385
0.00739127485621
0.00751633181811
0.00880228402178
0.00970709822759
0.00784778465556
0.00846473720797
0.00867069455119
0.00833639610383
0.0073535634899
0.00698910323289
0.00875796780081
0.0119961687217
0.0079198310588
0.00832458791773
0.00781884364852
0.00697191480154
0.00940257411563
0.00955458821719
0.00769479694339
0.00935938694574
0.00822887598643
0.00731614625332
0.00752192821024
0.0104196297439
0.0105396263691
0.00763442623908
0.00735922387212
0.00987503741765
0.00737747138253
0.00919288311685
0.0102841491627
0.00854482088753
0.00765822198686
0.0068050757527
0.00846125191683
0.00923374246988
0.00742640559086
0.0098899617795
0.010632263917
0.0103511798361
0.00862526961897
0.00832910943619
0.0128052433011
0.00624998271998
0.00700521491462
0.00831171967766
0.00810931711058
0.00967270468897
0.00800824974636
0.00804971825594
0.00995067756487
0.00947466432123
0.00793902034259
0.0118148252632
0.00748184469232
0.00665034465272
0.00911917781382
0.00922399891587
0.00720261063782
0.00810567085441
0.00877039018516
0.00783822020614
0.00828620323188
0.00667290971016
0.00612354505168
0.0079816900466
0.0099678812192
0.0074244404503
0.00855101841888
0.0088373299135
0.0112387230591
0.00687631180212
0.0100118977222
0.00714576098117
0.00869173768587
0.00961895295757
0.00726076882981
0.00828909138567
0.00922590179874
0.00797930222513
0.00734083673705
0.0104611425762
0.00656453349447
0.00672316711082
0.00699363453435
0.00587557656745
0.00875146250635
0.00654485935678
0.00729961533233
0.00790009898672
0.0082300561359
0.00906274550012
0.00788339114848
0.00763571895764
0.00668949744002
0.00865800231
0.00871642954426
0.0087180272998
0.0102851543498
0.00776465298645
0.00731787510142
0.00781074618714
0.00957398036346
0.00710747325004
0.00602551375403
0.00756134670545
0.00820735182626
0.00563308086219
0.00850191766603
0.00816326013306
0.00979303323797
0.00844182539502
0.00853593439525
0.00738399783315
0.00762200078719
0.00875081961876
0.00768681364416
0.0102165158445
0.00683590842537
0.00882030815788
0.00961952576794
0.00664538185509
0.00695421454947
0.00554738821429
0.00877071855665
0.00684322029457
0.00949851019897
0.00857431023465
0.0114354914193
0.00901151618763
0.00884127117557
0.00924478209586
0.00989093241307
0.00778140758475
0.00738965330716
0.00740880557175
0.00687307180233
0.00736641676801
0.00743013620333
0.00715865322529
0.00935044362584
0.0118101940712
0.00588690207155
0.00987958278471
0.0093670392334
0.00726704891961
0.00571817593294
0.00837245483714
0.00672133885472
0.00708486019622
0.00915669700274
0.00948203585735
0.00806609570982
0.00654253651117
0.00841054956587
0.00899596442856
0.00672223177226
0.00799956873838
0.0121993796564
0.010261091365
0.00806542720505
0.00890744317972
0.00844394670755
0.00831765447707
0.00553057646182
0.00836304513918
0.00814628356982
0.00633315592734
0.00862517246204
0.00738483743897
0.00765205854656
0.0108949696649
0.0115044650462
0.00998290619008
0.0107291712634
0.00691985086545
0.00827642821512
0.00755507220349
0.00959653770899
0.0106019641576
0.00800193076701
0.0072703834837
0.00730257488835
0.00964915975617
0.0071090432549
0.00900565933178
0.0083349279541
0.00690892639996
0.00833942444057
0.00741911692858
0.00853728270587
0.00712755189388
0.00710449857485
0.00749809149051
0.00811522297907
0.00768715578091
0.00767032593832
0.00750336751066
0.0088671914381
0.00786999466328
0.00749512134658
0.0077424430253
0.0052963274068
0.00840008666622
0.00763729245217
0.00841287679691
0.00645673942482
0.0101882803259
0.00545257223703
0.00604827248063
0.00773999379845
0.00787654010337
0.00773022405885
0.00814876162371
0.00923018764706
0.00735400271961
0.00857493346913
0.00708846358529
0.00840679986677
0.00736609828878
0.00907893628131
0.00841828367305
0.0109585128553
0.00742727298542
0.00671874988372
0.00811233529879
0.00835446132315
0.00679489543702
0.00625085306178
0.00843834675751
0.0068379748464
0.00953947986003
0.009109663221
0.00873266305316
0.00983808924538
0.00895331804417
0.00837794724261
0.00777110005083
0.00831066399273
0.00658498261197
0.0100898237844
0.00770961244162
0.00959198915763
0.00748153353264
0.00974359276653
0.00728051756402
0.00646331524838
0.0078762882121
0.00830629255444
0.0100348630285
0.00763600523834
0.0104498145438
0.00783339007072
0.00769254288256
0.00906368115061
0.0085154109707
0.00656324188188
0.00744701282394
0.00747130510687
0.00854201756027
0.0088049077224
0.00837384953292
0.00888422512097
0.0084549277939
0.0102980252476
0.00746438235891
0.00770373286141
0.00761172779335
0.00687699789152
0.00671393655019
0.00706921664684
0.00611500809484
0.0058638618674
0.00818778016315
0.00803703925585
0.00750493677522
0.00942344650327
0.012886119509
0.0109572989372
0.00959839069845
0.00875399337445
0.0096880319983
0.00797009887015
0.00629600381194
0.00687272405964
0.00662856123152
0.00791370937045
0.00746695627415
0.00900196067532
0.00762149171751
0.00748905200943
0.00663645055734
0.00672621468584
0.00798012932226
0.0104156620529
0.00787681433068
0.0102512974789
0.00625180773857
0.00928100748841
0.0102606687891
0.00762873803456
0.00729473097516
0.0101913814569
0.00762903375271
0.0107537697576
0.00889594491889
0.0057990123297
0.00918201089087
0.00737313935851
0.00841155657414
0.0075928060689
0.00538892605256
0.00709855731822
0.00619701734708
0.00988787115612
0.0113687605305
0.00810097673123
0.00635089757436
0.00867430688874
0.00782304569845
0.00717057180426
0.00894661388459
0.00732645180152
0.00835563785716
0.00714221142224
0.00661065322037
0.0057238085223
0.00829020506381
0.00796118081694
0.0074161043682
0.00779332945537
0.00691354496622
0.00821127298292
0.00926148065916
0.00720804439498
0.00799594997483
0.00720108325184
0.0062395179301
0.00756530898245
0.0115021570151
0.00836282822973
0.00857052880516
