0.009718
0.010686
0.010826
0.011112
0.011608
0.011602
0.011598
0.011598
0.012002
0.012138
0.01214
0.01202
0.012254
0.012118
0.01239
0.012474
0.01243
0.012038
0.012448
0.012618
0.00816
0.00854
0.009418
0.009936
0.010016
0.010754
0.010912
0.011262
0.011158
0.011322
0.011458
0.011436
0.011728
0.011882
0.011634
0.012052
0.011826
0.011972
0.012172
0.012078
0.006994
0.007938
0.00839
0.008852
0.00954
0.009792
0.010052
0.010352
0.010372
0.010734
0.010794
0.011208
0.010956
0.011202
0.011208
0.011194
0.011626
0.01192
0.011584
0.011766
0.006286
0.007338
0.007826
0.008168
0.008916
0.00905
0.009652
0.009706
0.0101
0.010456
0.010174
0.010606
0.010678
0.010602
0.01094
0.010938
0.01131
0.011126
0.01136
0.011498
0.005686
0.006646
0.007674
0.007756
0.008232
0.008694
0.008946
0.00963
0.009826
0.010006
0.010194
0.010288
0.010404
0.0103
0.01045
0.010716
0.010658
0.011226
0.010918
0.011044
0.005412
0.006154
0.006842
0.007646
0.007824
0.008472
0.008544
0.009006
0.009004
0.009356
0.009366
0.009852
0.0101
0.009946
0.010314
0.010562
0.01048
0.01069
0.011016
0.010952
0.004906
0.005826
0.006514
0.007068
0.007688
0.008178
0.008422
0.00876
0.008848
0.009156
0.009148
0.00941
0.009736
0.010088
0.009894
0.010158
0.010356
0.010644
0.010454
0.010636
0.00453
0.005468
0.006226
0.00684
0.007352
0.007604
0.008296
0.008294
0.008776
0.008762
0.009012
0.009214
0.009568
0.009886
0.009684
0.0098
0.01014
0.010358
0.010448
0.010838
0.00453
0.005268
0.006072
0.006494
0.007124
0.00742
0.007914
0.008072
0.00845
0.008672
0.008768
0.009024
0.009348
0.009534
0.009664
0.009702
0.009934
0.009858
0.010082
0.01037
0.00413
0.004978
0.005864
0.006344
0.006952
0.007302
0.007744
0.008024
0.008118
0.008502
0.008884
0.008736
0.008968
0.00924
0.009378
0.009648
0.009726
0.009822
0.009698
0.010354
0.004128
0.004938
0.005524
0.0061
0.006592
0.0069
0.007402
0.007734
0.00813
0.008114
0.00841
0.008596
0.008784
0.008932
0.00934
0.00927
0.009944
0.009498
0.009878
0.009884
0.003958
0.004932
0.005418
0.005926
0.006508
0.006944
0.00732
0.007724
0.0079
0.008306
0.008722
0.008828
0.008878
0.008892
0.009144
0.009122
0.009408
0.009566
0.009652
0.009782
0.00378
0.004654
0.005248
0.00609
0.006324
0.006644
0.0071
0.007552
0.007702
0.007998
0.00831
0.008432
0.008534
0.008694
0.00881
0.009074
0.009446
0.009428
0.009466
0.009476
0.003554
0.004612
0.004958
0.005748
0.006246
0.006712
0.006884
0.00728
0.007636
0.007954
0.008194
0.008322
0.008694
0.008738
0.008746
0.009322
0.009154
0.009314
0.009446
0.00955
0.003614
0.004296
0.00508
0.005496
0.006176
0.006414
0.006594
0.007048
0.00741
0.007982
0.007994
0.008186
0.0086
0.008436
0.0085
0.009002
0.008808
0.008998
0.009384
0.009626
0.003412
0.004216
0.00492
0.005492
0.005834
0.006422
0.006752
0.007282
0.007368
0.007624
0.0079
0.007972
0.008322
0.008424
0.008684
0.0087
0.00886
0.009044
0.00924
0.009238
0.003388
0.003986
0.005026
0.005386
0.00585
0.00624
0.00667
0.007084
0.007224
0.007474
0.007682
0.008016
0.0081
0.008382
0.008784
0.008882
0.00896
0.008836
0.00934
0.009494
0.003282
0.004156
0.004608
0.005224
0.005802
0.006242
0.006552
0.006808
0.00699
0.007282
0.007494
0.007744
0.008272
0.008286
0.00867
0.00863
0.00867
0.009026
0.008934
0.00927
0.003088
0.004062
0.004706
0.005142
0.005616
0.006026
0.006396
0.006846
0.007036
0.007074
0.007478
0.007676
0.007998
0.008222
0.008224
0.00839
0.00878
0.008866
0.00897
0.00899
0.003152
0.003854
0.004604
0.005208
0.005504
0.00595
0.00626
0.006586
0.007004
0.007164
0.007614
0.007676
0.007936
0.007972
0.00822
0.008304
0.00869
0.008872
0.008848
0.009006
