0.130087406931
0.132465319634
0.135643568304
0.133974217971
0.137527164754
0.138131511365
0.138829869287
0.137973609322
0.139879751002
0.143460794757
0.143270999079
0.141800707936
0.142025209526
0.142721735602
0.144174419659
0.145482825725
0.145631309741
0.145689140991
0.145132448812
0.145452193099
0.127729356975
0.129271506056
0.131064845554
0.130213425544
0.131918774044
0.133900502694
0.134351102124
0.135183450507
0.133996384811
0.135715260114
0.136824053881
0.135436170756
0.138123560139
0.137986327594
0.139402192885
0.140487439439
0.140063952242
0.140878414422
0.142886519204
0.140660244861
0.130300310859
0.129362475499
0.128522088761
0.129571376571
0.129770548097
0.130602415666
0.132024826861
0.131761198022
0.132157603395
0.133636121664
0.135366177165
0.135340512738
0.136135220381
0.134539316902
0.137009073721
0.137748040476
0.13809834546
0.137341686785
0.138601560722
0.13915588404
0.135194939635
0.131183695455
0.13028666267
0.129839008112
0.130233266752
0.129264545942
0.130102590246
0.130541119633
0.130727157181
0.131334097705
0.132595916387
0.132361412984
0.133663198237
0.133415919681
0.135458454303
0.134970571247
0.135228822569
0.134827669017
0.136058835094
0.137587558187
0.13785264739
0.135269711062
0.13222024256
0.130849221914
0.12941611378
0.129441675792
0.129181073488
0.129686236593
0.129928406242
0.131214957859
0.131598114626
0.131094073871
0.131917528854
0.133045532884
0.132332884959
0.13353218616
0.13426136413
0.13416623454
0.135165941685
0.135130769711
0.143432355092
0.138674848536
0.134393924629
0.132535276563
0.130695102342
0.131259899072
0.129880557526
0.129479440851
0.12900539494
0.129998636315
0.130568420874
0.130922234552
0.131587629422
0.131247754084
0.132578618285
0.131878630476
0.132557009672
0.133047332083
0.133383647397
0.134956511107
0.155559542152
0.142667346327
0.138456621068
0.134036575663
0.131786399785
0.130633731579
0.129896245579
0.13021468148
0.129465414323
0.129794119228
0.13053253911
0.130424778582
0.130728738718
0.13033285453
0.131241531333
0.13171759981
0.131612516083
0.132834478996
0.132915508755
0.133291490921
0.168491619313
0.14653390485
0.140987429678
0.136528461056
0.133927919757
0.132398696286
0.130469106534
0.129749696665
0.130914494382
0.13059511227
0.129701695694
0.130335794911
0.130724976351
0.130324942007
0.130955572042
0.130797602034
0.131479156372
0.131878293612
0.131761351258
0.13292130574
0.180209067298
0.153609167851
0.143932343233
0.138130313762
0.135766423246
0.13292134593
0.131282997275
0.131678549605
0.130723338476
0.130738004527
0.130361532147
0.129845848958
0.129673970705
0.128775997994
0.130568679557
0.130941391827
0.130188542771
0.130944176501
0.132887893192
0.131241596737
0.196521790567
0.157264979624
0.147015726724
0.141458728224
0.136534971751
0.134430291517
0.132279652721
0.131486794767
0.130144844141
0.131278348789
0.130755200937
0.130026602497
0.129873243838
0.130789810365
0.128983463953
0.130754351512
0.130663843628
0.130577755557
0.131155641438
0.131310077221
0.194704139029
0.162389101887
0.151751517208
0.144308462403
0.139505968228
0.135718327084
0.133721320955
0.132963241253
0.131374987366
0.131156274305
0.129541326803
0.130492201071
0.129935133908
0.130265153297
0.130362130979
0.130063482831
0.130791598688
0.129549363851
0.130209208826
0.130814943623
0.212924082831
0.172270838293
0.153610186821
0.14667943514
0.141005894354
0.137506681907
0.135342812841
0.132785228692
0.132400194742
0.131530036251
0.131421947311
0.130131171836
0.130343572451
0.129477080073
0.129597221572
0.129498312969
0.129254964174
0.130028332977
0.130496501967
0.130143870758
0.214883807361
0.173832232586
0.158470034884
0.149458372398
0.143660382909
0.139982250063
0.136009442707
0.133808984165
0.133390873219
0.132206391572
0.131184167128
0.130660309147
0.130608921719
0.13012226954
0.129965716781
0.129818145554
0.130290652751
0.129634629868
0.12928774618
0.130245896843
0.237867838134
0.184132059113
0.16123527123
0.151217358226
0.145534453258
0.140502870812
0.137852036786
0.135939584759
0.133142266014
0.132035496072
0.131088545958
0.131140486991
0.130749379378
0.129731004087
0.130552929546
0.130661652855
0.129148019607
0.130138954996
0.129828524603
0.130502185075
0.264154653759
0.187716761232
0.168637748993
0.154895743773
0.14760283815
0.142309703271
0.138830522572
0.136700090189
0.134783531104
0.13286306983
0.131940500885
0.131359330643
0.1300909357
0.130037720161
0.129996150097
0.13025374815
0.129276934308
0.130095650734
0.129890408122
0.130036360816
0.271797235891
0.188911313538
0.170415556207
0.156409794067
0.14952795571
0.144614965329
0.140626634104
0.137774767592
0.135011556125
0.134112897669
0.133037048296
0.131693961541
0.13041211538
0.130949392003
0.130001563238
0.13015021164
0.129777214873
0.129957391573
0.129588601451
0.130268639699
0.291313565163
0.195502849918
0.17215313122
0.159958494262
0.151702611419
0.146344523636
0.142097426673
0.138880315307
0.136123565861
0.134529613439
0.134028870175
0.132634622316
0.131988223064
0.130229639091
0.130941102884
0.130017515545
0.129758484865
0.130091555474
0.13008353825
0.129738013772
0.307385667878
0.203022409769
0.177974413314
0.162565134033
0.154363327654
0.147825366057
0.14306133837
0.139563165298
0.137078266047
0.135556427884
0.133864753558
0.133003035008
0.131770443398
0.13158192383
0.13099575895
0.130270946836
0.130222888984
0.129550731396
0.129501009923
0.129309495996
0.310273813876
0.206142590235
0.179924423495
0.167009852687
0.157308589573
0.149109946961
0.144287813686
0.140958354117
0.138648548095
0.136339087576
0.134485810837
0.132649329914
0.13235846295
0.131543965782
0.130832084323
0.130639142847
0.130142897134
0.130231528887
0.129655162246
0.130044742395
0.315936884606
0.219715221975
0.185944612394
0.167509127426
0.159368439063
0.151173641785
0.146097071209
0.143181762903
0.139845642789
0.13711505539
0.135469885434
0.133754019842
0.13300165082
0.132139645219
0.13114767466
0.130717612912
0.130909210995
0.13086228318
0.130077401534
0.129555764448
