-1.05574384281
-1.04673170554
-1.0399314453
-1.02838909852
-1.02974632954
-1.02676147317
-1.02479540846
-1.02038756791
-1.01980071501
-1.01993153891
-1.01598768262
-1.0190676628
-1.01433613468
-1.01329269562
-1.01333758144
-1.01546138141
-1.01233282423
-1.01208748475
-1.01125019478
-1.01268666815
-1.10330021237
-1.08424915068
-1.07037200246
-1.05828900737
-1.05250476082
-1.04811051491
-1.04275994791
-1.03910484508
-1.03676111681
-1.02977077167
-1.03196933242
-1.03061341797
-1.02615634312
-1.02339579504
-1.02300981818
-1.02561710244
-1.02481135095
-1.02114295614
-1.02130981863
-1.01920138481
-1.15500955851
-1.12298488662
-1.09919370471
-1.08267274565
-1.07308907152
-1.06505794824
-1.06012775207
-1.05278335323
-1.05120561018
-1.04716487311
-1.04225177401
-1.04002011794
-1.03790415851
-1.03639276956
-1.03462476407
-1.03403910964
-1.03227404774
-1.03175225791
-1.0298451321
-1.03113993178
-1.18823752673
-1.162105708
-1.13011660617
-1.10936583577
-1.09612183222
-1.0812271373
-1.07435454845
-1.07030363258
-1.06269924684
-1.05535750975
-1.0535092991
-1.05045140784
-1.04846541345
-1.04463455132
-1.04353265766
-1.03992014827
-1.03851671693
-1.03669876291
-1.03606382787
-1.0342199238
-1.23844566925
-1.20168123837
-1.16094156449
-1.13555971866
-1.11428892538
-1.10166804257
-1.08880137208
-1.08203057619
-1.07358315829
-1.07069941252
-1.06523078429
-1.06224156492
-1.05832283888
-1.05668780363
-1.05331475829
-1.05020312672
-1.04523396398
-1.04418967873
-1.04648355453
-1.0418542447
-1.28300062279
-1.25026007868
-1.19345504546
-1.1618272987
-1.13702253882
-1.12022151604
-1.1072790578
-1.09754521346
-1.08727442748
-1.08094152191
-1.07604425698
-1.07142511535
-1.0684908741
-1.06173565558
-1.05792242267
-1.05805881979
-1.05279162732
-1.05212182943
-1.05027907985
-1.05067287138
-1.39822414245
-1.28113193402
-1.22933086969
-1.18885276806
-1.16006954657
-1.1369014856
-1.12137484971
-1.1068923094
-1.10223356746
-1.09316422278
-1.08488236728
-1.07967327231
-1.07517900399
-1.07049038199
-1.06825568171
-1.06523467162
-1.06279093214
-1.05949280886
-1.05697496135
-1.05581890115
-1.5114444807
-1.32164133359
-1.25971762754
-1.2147015459
-1.18039431274
-1.15773918337
-1.13837533246
-1.12185694748
-1.11289229461
-1.102789304
-1.09738734267
-1.09090560554
-1.08525429661
-1.07923791789
-1.07628141156
-1.07216341757
-1.06891686912
-1.06477998439
-1.06286409477
-1.06065003797
-1.62102839564
-1.35709896477
-1.29378219098
-1.24011063299
-1.19963126091
-1.17415433846
-1.15500413638
-1.13935271152
-1.12345706625
-1.11716341329
-1.10696413403
-1.09752262058
-1.09039695501
-1.08751223989
-1.08486158864
-1.08032910791
-1.07536858805
-1.07031817538
-1.0704207229
-1.06675538568
-1.74227363753
-1.42390796887
-1.32481648865
-1.26939998287
-1.22211166554
-1.19204032797
-1.1698392978
-1.14898225219
-1.13611593352
-1.12673843859
-1.11727159942
-1.10709285121
-1.09900279813
-1.09833657071
-1.08939975953
-1.08732357537
-1.08244282505
-1.0783940476
-1.07492643864
-1.07292105836
-1.79050579603
-1.46378035541
-1.36149336987
-1.29303003663
-1.24499130136
-1.20683343766
-1.18622557836
-1.16469931853
-1.15050796001
-1.13507154553
-1.12350794529
-1.11738414277
-1.10920062924
-1.10258353971
-1.09796780863
-1.0935559565
-1.08934643412
-1.08489298393
-1.08245312637
-1.07851170052
-1.91942401963
-1.54406517259
-1.38134031262
-1.32084339268
-1.26779414103
-1.23350321273
-1.19912543796
-1.17686946891
-1.1618406327
-1.14645570366
-1.13745424718
-1.12655528941
-1.11750757052
-1.11023473552
-1.10437472205
-1.09640459218
-1.09440075284
-1.09103090967
-1.0867678712
-1.08487009989
-1.95036832075
-1.60057747186
-1.41747777206
-1.35048257324
-1.29219918796
-1.2455544964
-1.21573422137
-1.19604547038
-1.17120492418
-1.15766692219
-1.14459606506
-1.13574946305
-1.12572162498
-1.11572549986
-1.11084617446
-1.10537190068
-1.10001415656
-1.0952356167
-1.09094466097
-1.08751809413
-2.08905038493
-1.66332553019
-1.45912390154
-1.37693691759
-1.31591124843
-1.26520934632
-1.23112406584
-1.20641837656
-1.18692798354
-1.16685833904
-1.15230954872
-1.14536712621
-1.13438543335
-1.12514268733
-1.11896327129
-1.11151092763
-1.10412974904
-1.10265466412
-1.09657035703
-1.09344196115
-2.22927515844
-1.67895167116
-1.48527990266
-1.40398716086
-1.33597873636
-1.28589905602
-1.2459318579
-1.22121860466
-1.19750515423
-1.17939415927
-1.16363531817
-1.15177961296
-1.14075161166
-1.1335176292
-1.12350472126
-1.11848434685
-1.11184630881
-1.10595661023
-1.10153651366
-1.09670502659
-2.32406834343
-1.72624732012
-1.53551118164
-1.43084976909
-1.35920033226
-1.30301275127
-1.26720524804
-1.23283263721
-1.20752522971
-1.19148360937
-1.17474325126
-1.16106730885
-1.14749883813
-1.13950170047
-1.1306021691
-1.12338629164
-1.11777806322
-1.11011415069
-1.10694438623
-1.10328962991
-2.54894703478
-1.79404254313
-1.56723083214
-1.45926532415
-1.38070454944
-1.32300152664
-1.28063343233
-1.24806954754
-1.2216198742
-1.20150599854
-1.18451548861
-1.16772486501
-1.157890083
-1.14644820687
-1.13903365531
-1.12952620947
-1.12235728186
-1.11637113111
-1.11176837997
-1.10832719148
-2.66458172943
-1.84497632384
-1.5995184534
-1.48552823635
-1.40028503662
-1.33767332765
-1.29707461477
-1.26248302999
-1.23195173967
-1.21027040002
-1.19246604423
-1.1741603409
-1.16390265372
-1.15435981575
-1.14428378332
-1.13518342843
-1.12869101847
-1.12266161819
-1.11689197189
-1.11362460193
-2.7103082653
-1.88263071919
-1.64090920948
-1.51475503484
-1.41812884681
-1.35468108088
-1.30666504966
-1.27457751377
-1.24481676787
-1.22238791216
-1.20392538619
-1.18638656249
-1.17250796022
-1.16110897277
-1.14963548168
-1.14105179127
-1.1335140047
-1.12581439735
-1.12065948045
-1.11791042095
-2.7134520427
-1.96625422965
-1.6751862473
-1.53193273925
-1.44759927824
-1.37642786671
-1.32596889428
-1.28918455174
-1.25793769928
-1.23135706726
-1.21033864799
-1.195451893
-1.18192361614
-1.16856563387
-1.15885787919
-1.14979903328
-1.14116264612
-1.13244764522
-1.12590127979
-1.12112651994
