0.009886
0.009503
0.0091045
0.0090265
0.0087285
0.008559
0.00848
0.0082545
0.008448
0.0083815
0.0083565
0.0082525
0.0083975
0.0082015
0.0080545
0.0080545
0.0081295
0.007999
0.0083515
0.0082765
0.0115685
0.0104445
0.010207
0.0095485
0.009671
0.009173
0.008956
0.008827
0.0085395
0.0087125
0.0085255
0.0083015
0.008742
0.0085335
0.0086485
0.0084635
0.008131
0.008578
0.008407
0.0082635
0.0126005
0.011565
0.0107375
0.010524
0.010124
0.0096535
0.0096615
0.0094005
0.009248
0.0090325
0.009219
0.0089535
0.0089895
0.0087595
0.00879
0.008638
0.008728
0.0085575
0.008403
0.0082535
0.0139865
0.012088
0.0117255
0.0111525
0.0105895
0.0104095
0.0099595
0.009581
0.009408
0.0095895
0.009351
0.00942
0.0091205
0.009033
0.0092185
0.009013
0.0089305
0.0088665
0.008649
0.008798
0.0150985
0.013011
0.012286
0.0116335
0.011168
0.0108795
0.0104525
0.0102435
0.0100345
0.0097165
0.009537
0.009388
0.009301
0.0092445
0.009022
0.008972
0.0091395
0.0088785
0.0087885
0.0090345
0.016476
0.012879
0.0125595
0.0120085
0.0114195
0.0110895
0.0107955
0.0105455
0.010128
0.0099305
0.0099835
0.009767
0.0096465
0.0097735
0.0095255
0.00936
0.0093955
0.00946
0.0089735
0.009079
0.015453
0.0135655
0.0127695
0.0120895
0.011631
0.011354
0.0111265
0.010988
0.0106545
0.0105415
0.010513
0.009963
0.009743
0.0099555
0.0097425
0.009451
0.009184
0.0093645
0.0092875
0.008982
0.014345
0.0137465
0.0128625
0.012446
0.0120245
0.011563
0.0112365
0.0110445
0.0109515
0.0108705
0.010201
0.010252
0.009959
0.009873
0.009906
0.0096115
0.0097415
0.009476
0.0095975
0.0093985
0.013333
0.015262
0.013014
0.0126045
0.01266
0.011817
0.0114815
0.0115195
0.011228
0.010719
0.0108335
0.0105495
0.0104515
0.009928
0.009783
0.0097355
0.009836
0.0098555
0.009786
0.0096445
0.012293
0.0143585
0.012995
0.012498
0.0125
0.0120075
0.011611
0.0115195
0.0111285
0.0111915
0.011052
0.010718
0.010698
0.0104195
0.010295
0.0104045
0.0100205
0.009811
0.009876
0.0096865
0.011122
0.0145345
0.0131945
0.0127835
0.0124405
0.01236
0.011891
0.0115485
0.0114905
0.01123
0.0109145
0.0108845
0.01065
0.010774
0.010178
0.0100895
0.010376
0.009871
0.00981
0.0097435
0.010371
0.0136265
0.013511
0.012769
0.012658
0.0121405
0.012198
0.011767
0.0116545
0.011356
0.0113335
0.0108675
0.010662
0.0106095
0.0104755
0.0103845
0.010057
0.010199
0.010132
0.0096225
0.010075
0.012822
0.013376
0.0127265
0.0126155
0.012494
0.012136
0.011708
0.0117015
0.011734
0.0114135
0.011143
0.0108415
0.0109805
0.0107435
0.0105845
0.0105665
0.010177
0.0102275
0.0101895
0.0094265
0.0123815
0.0129845
0.012384
0.0125115
0.0123495
0.012438
0.012156
0.01179
0.0117015
0.011276
0.0111015
0.011207
0.0110485
0.0109465
0.010863
0.0106885
0.010386
0.0102045
0.010331
0.0086
0.0125625
0.013935
0.0125005
0.0124625
0.012342
0.0122665
0.0121115
0.012027
0.011641
0.0115005
0.011459
0.011018
0.011054
0.011048
0.0108655
0.0105505
0.010612
0.010308
0.0104475
0.007935
0.0117415
0.012712
0.01211
0.01227
0.012554
0.0123125
0.012259
0.011898
0.011871
0.011746
0.0114755
0.0111815
0.0110805
0.0108035
0.011117
0.0106665
0.0108045
0.0106415
0.01034
0.00683
0.0109825
0.012264
0.012235
0.012286
0.012315
0.012405
0.012146
0.012116
0.011766
0.0121025
0.0117205
0.0114055
0.0111675
0.0113355
0.010984
0.0109535
0.011041
0.0108495
0.010441
0.006681
0.010962
0.012389
0.012075
0.012184
0.01242
0.0122525
0.0121605
0.0121415
0.012145
0.011766
0.0118705
0.011613
0.011375
0.0115465
0.0112235
0.010932
0.010806
0.0107065
0.0107985
0.0065785
0.010492
0.012165
0.0120265
0.0124445
0.0123605
0.012381
0.012256
0.012205
0.012055
0.0117615
0.011661
0.011572
0.0113745
0.0113885
0.011393
0.0110415
0.011226
0.010923
0.0106895
0.006751
0.010017
0.011883
0.0119685
0.012131
0.012253
0.0122875
0.012347
0.012285
0.012091
0.012238
0.011862
0.0116445
0.0116655
0.011381
0.011317
0.0112885
0.0111665
0.0110435
0.0108435
