0.0314141031059
0.0201124406368
0.014001992497
0.00954489700915
0.00780956158641
0.00591565196354
0.00503803502953
0.00398677186528
0.00358640629205
0.00310004832363
0.00260886582795
0.00245459869708
0.0018492602474
0.00183042652906
0.00153997894804
0.00140249869617
0.00127072668243
0.00121308127542
0.00124937134763
0.00111799258091
0.0689403485145
0.0425579564015
0.0295764866724
0.0220808848699
0.0165400583615
0.0127540511745
0.00963475576552
0.0081711298838
0.00741868994614
0.00555084515449
0.00542610037571
0.00453280378252
0.00405435794349
0.00354616182185
0.00325553208846
0.00314980279516
0.00271051631617
0.00267116469272
0.00230995101904
0.00197932021142
0.108074047928
0.0690804538519
0.0476821768262
0.0352351343266
0.0257017848268
0.0196754802602
0.0164486890752
0.0142438661036
0.0112679565436
0.00988452590102
0.00843738089714
0.00717257066336
0.00580805759184
0.00534137900322
0.00435077752228
0.0049040778688
0.00438086597288
0.00374634196195
0.00337639312529
0.00325382923149
0.147500960108
0.0923116254227
0.0646297891621
0.0476690679364
0.0353688093715
0.027693059798
0.021572111456
0.0188392026784
0.0149744763688
0.0124294619149
0.0116021005733
0.0101225373195
0.00927976875158
0.00783550107178
0.00666903024906
0.00657750989477
0.00581716060402
0.00457003560193
0.00468327589446
0.00451956741142
0.197129887598
0.120354675438
0.0828003192771
0.0600945089274
0.0455129510274
0.0357459177692
0.0273980992071
0.0247470271969
0.0198269636907
0.017046467286
0.0145264004364
0.0125589928081
0.0112366517082
0.00921769260403
0.00890556907233
0.00738855219275
0.0065560732442
0.00608492664083
0.00615527395394
0.00518749593617
0.249705195746
0.140939033182
0.0986304148412
0.0718408720323
0.0570094567015
0.04433516015
0.0359544894077
0.0285785382176
0.0238796490658
0.0209359446001
0.0186237775734
0.0145703630637
0.0137984430656
0.0117526317169
0.011048584754
0.00983845055102
0.00892234705912
0.00802829033815
0.00677379296115
0.00743461757627
0.294397359781
0.163612414258
0.113100952003
0.0834150781285
0.0667918489944
0.0496710532332
0.0393312156558
0.033873308506
0.0294495883584
0.0240211884929
0.0209614516041
0.0168020419453
0.0164833404137
0.0137973588733
0.0133394644819
0.011945868417
0.0106108046911
0.00927277379498
0.00861453815216
0.00886395873673
0.308781872021
0.185796326673
0.130255302124
0.0965168690854
0.0718685122119
0.058848403713
0.0493108662896
0.03996444385
0.0328558928474
0.0289225737725
0.0253893122858
0.02169034783
0.017923749637
0.0164805582591
0.0146424312361
0.0136259567513
0.0126663622149
0.0110927591238
0.00886779003695
0.00986058377515
0.318979477592
0.232920801135
0.143771102211
0.107422474673
0.0816794583867
0.0657911950048
0.0539913695521
0.0437566061516
0.0366534580259
0.0314611990251
0.0276189652924
0.0255682730768
0.0211331779183
0.0192751373659
0.016762528771
0.0148285008765
0.0148299700286
0.013202988691
0.0119190509171
0.0102750955358
0.320974972526
0.252523659287
0.151872929286
0.111866648652
0.0913453034709
0.0714154638796
0.0604479004918
0.0506615074823
0.0435313559828
0.037404462962
0.0302080986943
0.0268124707432
0.0234930798967
0.0207130841927
0.0205905859875
0.0196758447041
0.0161524788839
0.0144490750356
0.0143122667418
0.0128435383735
0.312878924745
0.261003316528
0.167213055139
0.128309048897
0.0972537300516
0.080183361193
0.0665336581621
0.0553191899189
0.046842469058
0.0372571978777
0.0347209900318
0.0306145111009
0.0262629421716
0.0233227607205
0.0220785000598
0.0218567747535
0.0180739378411
0.0175144364751
0.0142184132316
0.0126811926153
0.306859273589
0.268892275996
0.180244683159
0.133754839284
0.10906463963
0.0854758469647
0.0719798141825
0.0593696215538
0.0523642976593
0.0431221053028
0.0379403367251
0.0345837358993
0.0269749027464
0.0239577945848
0.0255584863547
0.0211337447544
0.0207150871248
0.0177515743377
0.0155288015373
0.015846309285
0.315131201627
0.269177338715
0.194125394911
0.136158089389
0.11580607819
0.0883244108341
0.0767138565048
0.0661454566795
0.0527367969289
0.0469386878144
0.0407252522382
0.039352169389
0.0338579092239
0.0277233339984
0.0263007140489
0.0230815381189
0.0219976974554
0.0196009022177
0.0169446007456
0.0151323924528
0.286683269485
0.267598667385
0.198339975997
0.142732471361
0.12290515061
0.0952029578416
0.080599272489
0.0700098688764
0.0611432241148
0.0525526533637
0.0435182562042
0.0402493483534
0.0366711294754
0.0331934961013
0.0273960686172
0.0256228011978
0.0232357922528
0.0216993127976
0.0192232686948
0.0190359220946
0.281053568298
0.281796123073
0.231888855989
0.151399653384
0.124769824887
0.104244642796
0.0872958287705
0.0756432787289
0.0622478840102
0.0540785388929
0.0475394408756
0.0399466036022
0.037110821616
0.0340511091272
0.0294687865728
0.0293634620141
0.0267985701503
0.0252567134349
0.0210207557321
0.0174852273067
0.290309982435
0.273477798244
0.209379677129
0.160527876529
0.127583315569
0.107015583223
0.0949413799856
0.0785702468956
0.0630355248378
0.0589355713075
0.051025935768
0.0488035615919
0.0412630391308
0.0378899480963
0.0324402885601
0.0279619776408
0.0286963694608
0.0217156669544
0.0227338269811
0.0202978284496
0.271387649978
0.270470427328
0.212159793956
0.163522270823
0.129944228876
0.110561772372
0.0948686318542
0.0797323288976
0.0701552650147
0.0617327572347
0.0547572683221
0.0487998956359
0.040690653413
0.0389467202977
0.0334464913942
0.033283567483
0.0287547101725
0.0266316505153
0.0246430285904
0.0230777108355
0.260059776871
0.271250890025
0.231316701555
0.166516300471
0.136808129556
0.119089429759
0.101753750676
0.0901451356167
0.0739496896568
0.0651805811141
0.05677347321
0.0456004897446
0.0454773094127
0.0426566885608
0.0359251770199
0.0325225948358
0.0306829699453
0.0266214423224
0.0239549850959
0.0242307591463
0.263518253599
0.275179251167
0.23930551353
0.166742681868
0.147817809345
0.121189418839
0.100397004359
0.0851703001176
0.0765143633858
0.0726263765145
0.0628943120661
0.0546185909738
0.0480920421697
0.0458905045739
0.0365420743424
0.0352707153979
0.0337621987385
0.0290131430004
0.0285024302055
0.0260661026463
0.274506083566
0.273892631887
0.242114428278
0.18331963746
0.146967386609
0.1212951653
0.108011878288
0.0950230329574
0.0793800936938
0.0738815087575
0.065448796214
0.0573602250574
0.0509424135685
0.0455391627524
0.0425650099386
0.0379580952027
0.0320402907224
0.0305863513123
0.0284323244213
0.0253239568252
