0.00726689438481
0.00725773663066
0.00759850016451
0.0103819036188
0.0063188141886
0.00711616251922
0.00579979309976
0.00698325531182
0.00680388095134
0.0059490825133
0.00683739956051
0.00623439000625
0.00803404435823
0.00657128394988
0.00651040741813
0.00603621609537
0.00714227588028
0.00657710034894
0.00679448840973
0.00647861271801
0.0101327282975
0.0104384407241
0.00814628142161
0.00741272707915
0.00686006625332
0.00670649468799
0.00765789226876
0.00772786005308
0.00673261203026
0.00838295704093
0.00657428511323
0.00635790631812
0.00731795299247
0.00820285028207
0.00802775328159
0.00621432158405
0.00731536663469
0.00712602034799
0.00620893316118
0.00777304269575
0.0116495825998
0.00909844904366
0.00910856568017
0.00956318064244
0.00860496217307
0.0081911881159
0.00689599831424
0.00724927408435
0.00746275726525
0.00686797413725
0.0079204191177
0.0077072506609
0.00764203930571
0.00856224472612
0.00811724399042
0.00627482716893
0.00661895127645
0.00756345283254
0.0072688438558
0.00642536868592
0.0211959180681
0.0114255965271
0.0100676101807
0.00941241832634
0.0081038641863
0.00835689444411
0.00762136698697
0.00714474905088
0.00716985257868
0.00877546948886
0.00694860050658
0.00749865654634
0.00723575184414
0.00774179636777
0.00770716437803
0.00705868833424
0.00739579574826
0.00768825745862
0.00742512956116
0.00727332083714
0.0316715869945
0.0142678179481
0.0109815620018
0.0104416259629
0.0100225882885
0.00883398860934
0.0099727061899
0.00798981118363
0.00855945002614
0.00687086259141
0.00823957711293
0.00738533722994
0.00670886719201
0.00772828213447
0.00652439774998
0.00767124279371
0.00781198852726
0.00775062015261
0.00707342864176
0.0080515175433
0.0451238675647
0.0134528569085
0.011788027178
0.0108011829329
0.0094786415034
0.00863350246134
0.00947663203622
0.00843066158436
0.00798339626976
0.00812891719419
0.00751267946541
0.00905353306726
0.00711764797879
0.00914828250274
0.00854496780275
0.00799417913234
0.00812861948611
0.00794643945425
0.00825170726274
0.00714648577974
0.0494003293613
0.0204053873952
0.0133148786983
0.0110914771221
0.00935343995544
0.00997327348467
0.00944125906593
0.0100771824435
0.00819608167053
0.00886811156617
0.00964386234867
0.00911273180775
0.00803678735565
0.00864804282772
0.00724099915412
0.00749031701599
0.00699879589644
0.0074174803505
0.0078798615946
0.00637412158654
0.0512965639687
0.025820212291
0.0158923084777
0.0119983888085
0.0102565235216
0.0098589695709
0.00933448942096
0.00918321265952
0.00980171019516
0.00840037825041
0.00680570341699
0.00802904078953
0.0086847319475
0.00761952236036
0.00809877546299
0.00670901950735
0.00762525755303
0.00709731808502
0.00905104241234
0.00771811652866
0.0501512299052
0.0421566258849
0.017294581637
0.0127037771844
0.0120147992076
0.01065912806
0.00919441584604
0.00956939103339
0.0101914555388
0.0090852511798
0.0084926675874
0.00843493774429
0.0089815239659
0.00744280296662
0.00808686657489
0.00823645340848
0.00775073248151
0.00902774859807
0.00791270838588
0.00864009518177
0.050880159699
0.0398942145273
0.0184645532034
0.0131626458586
0.0123534812907
0.0109549905865
0.00951930559442
0.00962883662495
0.00985308899534
0.00848063693068
0.00982823972032
0.00867457353419
0.00886246557116
0.00854930668242
0.00789589925214
0.00764682971891
0.00813132552232
0.00795086655655
0.00752290661912
0.00705891937551
0.0410955181985
0.0445731189704
0.0218272317244
0.0139800752054
0.0123343660052
0.0116441465982
0.00981228153897
0.00965613912234
0.00919290676283
0.0102609258841
0.00891332231831
0.00882326667114
0.00912717097462
0.0087681625213
0.00867319525896
0.00722529340235
0.00827274887809
0.00733066224839
0.00743195129155
0.00804955481688
0.0422393342632
0.0429850569704
0.0258349304044
0.0164470404329
0.0128867290652
0.0108943625215
0.010739229302
0.00962319910425
0.00927100343814
0.00931055927429
0.00980552919276
0.00866018583808
0.00905194763573
0.00958898507403
0.00815971964898
0.00839285617356
0.00727887360791
0.0078816495101
0.00789261211514
0.00723789463518
0.040871183308
0.0398303253313
0.0295512668764
0.0168350623031
0.0134985197244
0.0136079467224
0.011114022854
0.00892286310553
0.0113941332601
0.00955586176124
0.00969612771935
0.00832972394501
0.00837106640459
0.0108862525577
0.0080711729476
0.00831023373618
0.00859783128178
0.00739357295223
0.00854831087116
0.00843782938616
0.0411352400352
0.0395928192069
0.0283884727442
0.0156091733926
0.0143554168435
0.0122905339489
0.0115350620284
0.0111637768699
0.00917325732769
0.0100192451188
0.00902491407161
0.00828752512817
0.00819348222675
0.00845329951853
0.0089463686907
0.00930810028953
0.00935261154705
0.00796724569723
0.00864015652347
0.00794088716706
0.0385850748347
0.0434940739498
0.0394324235243
0.0180114165115
0.0144822725686
0.0122368617709
0.0122161513068
0.0111329440289
0.0111680580675
0.00972926610799
0.00867648400851
0.00981938485853
0.00880615841329
0.00771915371009
0.00950504844806
0.00810176121285
0.00802600926675
0.0070031033121
0.00816678553655
0.00999751812952
0.0361851043248
0.0377248168021
0.0312024246814
0.0173693019434
0.0147654952508
0.0140055554692
0.011460986814
0.0104147332659
0.0107784435797
0.00967931345706
0.00925646984546
0.00859156707184
0.00856927259165
0.00876289876411
0.00834928216974
0.00949952951467
0.00796419504721
0.00969419438375
0.00878633044849
0.00829740320823
0.0302199081733
0.0360867921649
0.0294639068014
0.0190352377185
0.0151326700883
0.0145102816995
0.0124809544907
0.0113154290241
0.0111568496449
0.00975866251082
0.010700881681
0.00973597733923
0.0102321280656
0.00826461243798
0.00952054697746
0.00856141016422
0.0084696642643
0.00899651704828
0.00873532911515
0.00763732734666
0.0326805292032
0.0378681700905
0.033327498841
0.0192779764239
0.016133990331
0.0142951337874
0.0111149389899
0.0111644576559
0.0116399893793
0.0108167797888
0.00985957625864
0.0115950896827
0.00985012593828
0.0089871088232
0.0101171370827
0.00967931675016
0.00944448918682
0.00887294280383
0.00965899750233
0.00795730939137
0.0326559674906
0.0360818227921
0.0353841352162
0.0211133351877
0.0191613033155
0.0140638513484
0.0130333644544
0.0127852831021
0.0114975638724
0.0103062711492
0.00981328144659
0.00961582440563
0.009837101504
0.00892001259809
0.00977860893737
0.00980915648769
0.00874605069446
0.00962894978697
0.00875962733226
0.00806017771206
0.0337904202253
0.0365150135013
0.0347098841974
0.022683339321
0.0174819217765
0.0141636503416
0.0131095373202
0.0123616479888
0.0121095530471
0.0104733933851
0.0107530858827
0.00942895572161
0.00988712520149
0.0100429569724
0.00895320272305
0.00868944825636
0.0103635969986
0.0100998342932
0.00933655357988
0.00911984828547
