0.0604387803566
0.0465173930934
0.0361519595991
0.0303069667037
0.0249944547568
0.0215188526965
0.0188104835367
0.0165087301191
0.0153445070153
0.0139285303747
0.0125838432172
0.0116294317387
0.0108181996758
0.00998460842421
0.00935839725186
0.00873162757123
0.00837508192763
0.00777992493351
0.00766187732552
0.00721839191409
0.13208363925
0.097044911285
0.0773531516896
0.061524462811
0.0531498304947
0.0449446755347
0.038730915161
0.0344503306429
0.0303400293186
0.0281201889274
0.0254430817111
0.023220030953
0.0222559309735
0.0203686122653
0.019432763635
0.0180361464817
0.0165316345514
0.0162412099959
0.0153057297333
0.0143394099327
0.205202257728
0.153272515817
0.119628809197
0.097761045155
0.0814007835095
0.069050060004
0.0614407998588
0.0537140987462
0.0478690174351
0.0432167227791
0.0402988424182
0.0365139125002
0.0340892563108
0.0312593425862
0.0292306035153
0.027345245272
0.0260363090132
0.0243668655557
0.0228881292107
0.021597805693
0.283051134999
0.208226160904
0.166999950305
0.135262220134
0.112052609005
0.0956424797582
0.0824163938303
0.0723575068752
0.0643691821534
0.0593884356839
0.0540123430096
0.0502181754696
0.0458945691775
0.0424372971556
0.0404684786278
0.0377144500344
0.0351722801133
0.0332817942868
0.0310795515363
0.0300968854665
0.369510754029
0.270672025979
0.212191263756
0.172375600687
0.143371909702
0.122704040838
0.106003701223
0.0940184520579
0.0840424228679
0.07515797191
0.0681379575161
0.0627199249844
0.0575833868647
0.0538783523512
0.0498336355284
0.0466830997245
0.0441796398204
0.0415323649409
0.0392255120738
0.0379203159946
0.461610997954
0.320099707338
0.254705215105
0.209397076274
0.173802916308
0.14900807694
0.1299772309
0.11339270972
0.101711163369
0.0909430467926
0.0842876858555
0.0771335395802
0.0706876884066
0.0664496500474
0.0612094450557
0.0575369227576
0.0541151829767
0.0514705958591
0.0477088844043
0.0456915333204
0.541986906962
0.38145248417
0.300824508303
0.244073277149
0.205252216434
0.175802537569
0.15229680079
0.137123165159
0.122551524742
0.110772763133
0.100875686614
0.0908282760746
0.0835610029176
0.0778532565046
0.0728721702387
0.0676397089702
0.0627833663872
0.0601788784519
0.0566952014023
0.0527049270455
0.610446182273
0.435468347261
0.341699171538
0.281219645045
0.236229369761
0.202281078214
0.17621843655
0.155036939964
0.141341095385
0.127995842918
0.113673920618
0.105306556502
0.0966660021549
0.0895640432163
0.0840993280579
0.0775656661568
0.0741309336925
0.0689516912102
0.0663830679848
0.0626465033715
0.663000375445
0.515666932002
0.384372083354
0.315289844195
0.271914659987
0.229552497594
0.199826658371
0.180824459036
0.160485423339
0.142802022493
0.13239598878
0.12064210834
0.111222498841
0.100785433715
0.0947877361429
0.0882623709016
0.0835274371575
0.0799106744687
0.0755798253684
0.0712416939812
0.699292663364
0.56579091414
0.422310573429
0.349770449871
0.299660502627
0.255773743344
0.222555833118
0.199107984527
0.176623273221
0.162647097832
0.149809092455
0.135963807206
0.125789221505
0.116394114942
0.107508094671
0.10257573363
0.0945080714332
0.0882561232488
0.0845630673962
0.0799207502241
0.723674189914
0.611704845489
0.467431965328
0.382233105084
0.324840563472
0.283108820699
0.248478485947
0.219902599102
0.199154315454
0.179062233845
0.16234878038
0.149867021036
0.137988455362
0.130294525597
0.117265277566
0.111042194214
0.106413522625
0.0975788964644
0.09250821577
0.0878894822013
0.747958855943
0.657894065997
0.50544514077
0.416074710117
0.356590716743
0.305716203149
0.273000466428
0.240252077681
0.217872891245
0.195962181745
0.181890852522
0.16304893515
0.150927313479
0.140304026808
0.131293826704
0.1224164379
0.113339868037
0.108837502863
0.103525042995
0.0944417762227
0.779588030523
0.682865890083
0.546605398281
0.446699122734
0.384201274463
0.336418542326
0.294652766878
0.260550203982
0.234891559057
0.217021858727
0.196107192792
0.179533710386
0.165076258121
0.155018081684
0.144156429496
0.134252789385
0.126923990048
0.117993495956
0.112611229375
0.107096509709
0.772252850585
0.720811408918
0.57554221229
0.466664985183
0.408963214892
0.358695656183
0.31921819166
0.284648359278
0.254098329194
0.231350858646
0.209142269602
0.192649841848
0.180919133785
0.167911791234
0.157201636122
0.146732919736
0.136932391336
0.12866963538
0.12135816642
0.115504891291
0.782359127582
0.755827743499
0.644749028328
0.501547544558
0.43335391296
0.379915554213
0.336880972421
0.301553899609
0.275173826455
0.247344457159
0.226905430699
0.209500500731
0.190983634417
0.18008641023
0.168463102866
0.157461448488
0.146574751464
0.13988132112
0.130471944124
0.125043122498
0.820788220039
0.763818242231
0.644386300945
0.522046566198
0.456778632133
0.40920938789
0.36216593469
0.323371824817
0.290678296677
0.267313371667
0.244115445515
0.223493816502
0.205192935018
0.192010199323
0.177229412269
0.170129533453
0.15678578428
0.150512468331
0.141684888952
0.133596516989
0.806190097762
0.780415747804
0.6636422657
0.554281416374
0.481554182895
0.428026380652
0.385046569326
0.343171222353
0.312429721703
0.282517860751
0.264376822982
0.239937113205
0.222046139863
0.204365970121
0.194673322972
0.17928227144
0.169941871055
0.162249933588
0.152913262304
0.142644349473
0.801156296987
0.821645555431
0.701867630892
0.57635747375
0.502857284844
0.449726322396
0.401410896971
0.359767769274
0.32981193785
0.302102411405
0.275520409728
0.257378889084
0.235773371377
0.219065959222
0.207706917153
0.192907713646
0.180276790845
0.170007446618
0.159869672893
0.154120796878
0.821945280591
0.827948006759
0.736821837127
0.604277958373
0.537021443309
0.47056463903
0.421859114615
0.382132379795
0.349021333696
0.318465041276
0.289887568163
0.267843204974
0.247997380982
0.231401956336
0.217153650708
0.205827508903
0.191233656321
0.182426375054
0.17028918782
0.162080951876
0.860069431483
0.848136451193
0.752065470525
0.63228718463
0.552247921192
0.490418545349
0.441047535926
0.401848788688
0.367043931308
0.334605285169
0.310098373009
0.285645137963
0.26391375022
0.248080516934
0.230413567549
0.216439498407
0.204325004778
0.191214164958
0.180934090748
0.171769834231
