0.00882868416017
0.00920305253707
0.00998753142673
0.0135232919069
0.00854938851615
0.00944285105252
0.00752299807258
0.00999642716174
0.00938129436698
0.00809214038435
0.00950772549036
0.0081917333941
0.0109285334789
0.00888808168279
0.00895645108288
0.00793596648178
0.00958084422167
0.00928510096876
0.00886896138226
0.00885792097504
0.0124932063138
0.0128566091953
0.00972101311593
0.00948364402537
0.00839506783772
0.00848836851226
0.0101355649078
0.00974276675283
0.00891282581452
0.01182625283
0.0084327008722
0.0089681772953
0.00986892172428
0.0110107749046
0.010744487703
0.00818374877425
0.00990543285273
0.00968937789541
0.00849217310233
0.0106999581308
0.0129879020631
0.0106912395914
0.0111817165051
0.0121736476046
0.0104990428135
0.0103905131731
0.00859458527214
0.00995732895911
0.00943927518404
0.00868556756925
0.010259610129
0.0103262111154
0.0104386073784
0.0111451112152
0.0102305290186
0.00829559979748
0.00892681443741
0.0101276988502
0.00980498567057
0.00862518985298
0.0239076572671
0.0130767119721
0.0117646036907
0.0116327941613
0.00927754514945
0.0102295266753
0.00994693500532
0.0087680866784
0.00930073115405
0.0121581990443
0.0094372445131
0.00950773916344
0.00978761074011
0.0103639241603
0.00993277624836
0.00990188992062
0.00970825545605
0.0101192448335
0.0102957342623
0.00980829771163
0.0331588277235
0.0165708509136
0.0131826581538
0.0128025153778
0.0121372634477
0.0103853481405
0.0126999683464
0.0100304783535
0.0109138845513
0.00876932722619
0.0106948696112
0.00912766695273
0.00878428961271
0.0106371310042
0.00804754968919
0.00943613395411
0.010320071899
0.0102110207129
0.00919945107058
0.0106303896448
0.0459301753099
0.014830047741
0.0141345889222
0.0128359649423
0.0108922805693
0.00997885283988
0.0112829364972
0.00982674289884
0.0106043568405
0.0103605936123
0.00921708392063
0.0106060169715
0.00889247119759
0.0117570193502
0.0109242914644
0.0105357289259
0.010868316521
0.0091844379251
0.0105789231966
0.00945738314757
0.0482536314074
0.0224260750913
0.0150373522935
0.0127824254349
0.0104568637746
0.012393214111
0.0109878876951
0.0135837161337
0.00972627369551
0.0101957393062
0.0116429418963
0.0109269860437
0.00993694842494
0.0104033246609
0.00918030500583
0.00937642490505
0.00934991144343
0.00932448389993
0.0101728066924
0.00836370133374
0.0508274563204
0.028648151354
0.0176769693104
0.0137813606005
0.0117894698778
0.0111229161644
0.0107894872909
0.0113396761859
0.0117544204451
0.0104559072299
0.008191754635
0.00956407841875
0.0108988924208
0.00950322555767
0.0101046165687
0.00866835070818
0.0100036095486
0.00919136007346
0.0112519089936
0.0100197666639
0.0487542021163
0.0433077644771
0.0192624670279
0.0139690406256
0.0138375539746
0.0124416621076
0.0103613008836
0.0114084661546
0.0124056714449
0.0102524945257
0.00993641766433
0.0100288136886
0.012033532316
0.00910345516823
0.00989977777528
0.00989357993853
0.00981557863806
0.0115321803663
0.010594548787
0.010585048134
0.050514773443
0.0407522895062
0.0208225496998
0.0160739116583
0.0142575278362
0.0126857110167
0.0106357134222
0.0117757010832
0.011902863353
0.00988866502618
0.0113476431033
0.0106838187929
0.0111304813912
0.0101364285624
0.0101921020403
0.00894551753673
0.0100068248711
0.0100693388065
0.00959630678959
0.00878784137317
0.0402353573863
0.0453507599054
0.0243903590789
0.0155395200698
0.0137634013238
0.0133692319899
0.0112999072563
0.0116219617965
0.0106206658925
0.0125151242902
0.0114748244431
0.0103537865537
0.0106902159005
0.0108801579033
0.00981625672036
0.00843153390552
0.00977554417923
0.00880421353671
0.00908709216416
0.0100670669015
0.040859932648
0.0438061648173
0.0280967536203
0.0180222061913
0.0140596728269
0.0118270664156
0.0121170087068
0.0122492336087
0.0107380631401
0.0110513454385
0.0115846201491
0.00979688501515
0.0110809378664
0.0115873379169
0.00921842047208
0.0104407095544
0.00900813210383
0.00945652452014
0.00976514024477
0.00862721646883
0.0399859740909
0.0401104360984
0.0317106793368
0.0183855417108
0.0146211704046
0.0165968628361
0.0127426615744
0.00983646664204
0.0135370985074
0.0111496984713
0.0113490080624
0.0093442814598
0.010415123427
0.0130746892889
0.00992699027903
0.0095844590875
0.00992079512942
0.00914363144489
0.0110698673885
0.0101160251087
0.0412000335437
0.0407521783958
0.0304283141827
0.0168352576458
0.0155531680374
0.0139638756798
0.0128369535327
0.0125370010768
0.0102524923799
0.0113952725286
0.0105075734592
0.00924895907657
0.00947127256497
0.00975996229501
0.0107146738634
0.0119266484814
0.0115425021551
0.00961690261987
0.0104487279609
0.00957676354516
0.0385200919521
0.0443579862483
0.0409922716619
0.0192271569401
0.0156028811442
0.0132255836922
0.0140037257899
0.0122542562402
0.0129624997589
0.0110603817294
0.0100427287129
0.0119941592452
0.0100233429553
0.00889354012753
0.0110693081988
0.00936916559785
0.00982287351033
0.00858027948263
0.00964083378137
0.0123597182816
0.0369595611987
0.037960080295
0.0331915817641
0.019084349609
0.0159156607152
0.0158002798709
0.0122623514874
0.011952305217
0.0128165048278
0.0108442565444
0.0108756910585
0.00923296940318
0.0100169638115
0.0107925151841
0.0102653348703
0.0113758945143
0.00908217484967
0.0123234826246
0.0111574683508
0.00978007689131
0.0301982320012
0.0363840919084
0.0312270331604
0.0210035886458
0.0165052810942
0.0154805808677
0.013969339426
0.0128220552175
0.0126829453992
0.0111610528177
0.0121691413008
0.0109528040245
0.0123079317515
0.00966766548863
0.0112685706281
0.00986347180257
0.0106219280736
0.0109026682973
0.0106117753463
0.00924735183715
0.0313195200474
0.0384281569165
0.0349529637656
0.0209984471807
0.017372744055
0.0155203168782
0.0119733656087
0.0121667343194
0.0124293348173
0.0120291863399
0.0113918216278
0.0147704510425
0.0116124242086
0.0105780043486
0.0123564478715
0.0113511824935
0.0108791918818
0.0109714801189
0.0114734355796
0.00902028824373
0.0321849018019
0.0365296194888
0.0367496098483
0.023056282094
0.0212777610664
0.0164735534722
0.0139526020512
0.0147144145653
0.0134559564506
0.0110176411268
0.0105014200944
0.0103553765745
0.0110465797422
0.0100984107661
0.0115592171015
0.0118189574836
0.0101232127311
0.011712092042
0.00985687577278
0.00968947366992
0.0334535034937
0.0373897900502
0.0354576809168
0.0244631951306
0.0187367722941
0.0159640851915
0.0141395898102
0.0130751881057
0.0137824038542
0.0114473990059
0.0121100505366
0.010352524523
0.0110698283636
0.0119233545615
0.0101325082778
0.00980431252052
0.0119946019525
0.0112623826964
0.0112829173532
0.0106215629735
