0.0962231092221
0.0743881537767
0.0594221413701
0.0500501323231
0.0418978783156
0.036339904271
0.0319201101649
0.0285428875441
0.0260262865556
0.0236746478617
0.0217278666104
0.0200013251279
0.0187108565003
0.0173805776388
0.0163216102279
0.0152989209922
0.014576349502
0.0137399848562
0.0131901031139
0.0125122526349
0.192345440825
0.146969201229
0.117941882065
0.0972855415923
0.0834156644209
0.0720137449944
0.0633882966682
0.0567336813384
0.0508760272003
0.0470161305454
0.0428323961387
0.0394773267143
0.0372544860644
0.0346531846887
0.0327053651447
0.0305520649663
0.0286462264278
0.0275340280864
0.0260892662545
0.0248078457051
0.280595064599
0.216700817277
0.174956450164
0.145921969253
0.123647358229
0.107190468158
0.095076839797
0.0849031059842
0.0764585656637
0.069689774561
0.0647311701771
0.0595889542626
0.055545413127
0.0516826398316
0.0485153769176
0.0455810356302
0.043259468459
0.0408606262418
0.0387412767171
0.036789912662
0.370449729837
0.283288028822
0.230899221343
0.192370728129
0.163285144258
0.142487984689
0.125383575696
0.11164227027
0.100986365583
0.0932423341784
0.0854317766989
0.0792954080512
0.0734706501805
0.0686809351922
0.064816361391
0.0610723522481
0.0574964514044
0.0545749738991
0.0516187387628
0.0495439902988
0.457947886911
0.35029856505
0.283708752213
0.237129229594
0.202747124984
0.176386809434
0.156402208351
0.139832294603
0.126845223681
0.115055258565
0.105891507569
0.0978874225792
0.0909631630759
0.0852798852502
0.0797551094659
0.0752790642951
0.0715248952711
0.0676674674518
0.0640494261206
0.0615589061494
0.552025757302
0.404301022095
0.332643399829
0.279527333253
0.239137139814
0.208865422718
0.185645253614
0.165616853834
0.1507341631
0.137253740884
0.126791089266
0.117542221523
0.108955666424
0.102738119806
0.0961173189305
0.0904784165303
0.0857420960537
0.0813133253255
0.0769425034939
0.0733269655188
0.629000812633
0.466055530684
0.379704893279
0.319204341639
0.274724389398
0.241827159348
0.214146636208
0.194661943019
0.175251527694
0.160410198437
0.148189748353
0.136324453694
0.126911922099
0.118855561428
0.111589937015
0.104951428053
0.0988759446105
0.0943158759679
0.0896578600251
0.0847526224446
0.695762710324
0.522476888568
0.424527930284
0.358459480169
0.309895063092
0.271800663434
0.242001043654
0.218087475856
0.199161862376
0.182403629914
0.166291394769
0.15485886371
0.144334601468
0.134924975963
0.127053089263
0.119171949348
0.113470580626
0.107283366581
0.102668543693
0.0977675674435
0.74299925208
0.597106723861
0.467056924543
0.395067635204
0.346110976681
0.30282715109
0.26907027942
0.244917395928
0.222709170681
0.202037715353
0.187959156373
0.17419230858
0.162771095989
0.150603373367
0.141902303139
0.133664305589
0.12690479064
0.121431022757
0.115098206028
0.109559807928
0.782402846233
0.64383709299
0.507192329984
0.4312551714
0.376945608339
0.332129640074
0.29540301801
0.268722253767
0.243872941638
0.224449162094
0.208064055656
0.192960611352
0.180334990388
0.167877547025
0.157937170378
0.149520679547
0.140940624138
0.13349073803
0.127475335086
0.121426342046
0.800342144081
0.688734387177
0.54843384161
0.462756517662
0.405496734918
0.361249524254
0.322724915669
0.292225275525
0.266843289073
0.24542901353
0.226575833824
0.210252918383
0.196349759351
0.185213883611
0.171951409897
0.162712262291
0.155224099925
0.145957921326
0.138928597986
0.13286260967
0.823680876282
0.73167709172
0.584312858194
0.495933629731
0.436357027181
0.384669462163
0.349038332254
0.316025926316
0.288664427471
0.265154243561
0.246320672332
0.227233131449
0.212728459763
0.199729207156
0.188177975365
0.177712191554
0.167111696306
0.159526177052
0.152362107535
0.14315628098
0.862332098741
0.754042574714
0.627263055262
0.526241545262
0.463530937092
0.417239374822
0.372897328224
0.336478091262
0.310086392848
0.286718801102
0.264709409856
0.245495511435
0.229470664064
0.21701423628
0.203418037501
0.191752307201
0.182149085953
0.172212971192
0.164700953513
0.157159093652
0.844983006649
0.786480836135
0.653670658076
0.549014181775
0.489323125501
0.43925611749
0.397016748722
0.361638059716
0.329731919754
0.305067445343
0.282029594603
0.261838020997
0.246612497491
0.231653355955
0.218671629881
0.206742113513
0.195557404732
0.18497668799
0.176554712864
0.168349759509
0.851823357067
0.823671836383
0.719226089562
0.579819769681
0.514865519242
0.4612768414
0.419495051958
0.381387610566
0.352346278868
0.323440533945
0.300564502793
0.280813174896
0.26143673677
0.24634428957
0.233163687284
0.219689320107
0.207929890949
0.198298815367
0.18819969054
0.180966286558
0.900123323181
0.828740648513
0.718385367738
0.603885506707
0.537867258659
0.489552704807
0.44103419112
0.403323005496
0.371180646142
0.343126132742
0.318887182928
0.296591056672
0.278059512957
0.261634887527
0.245961470331
0.234732468912
0.220656125551
0.212096162474
0.201127816987
0.191285327737
0.876874286513
0.843037946542
0.736443377182
0.632675279418
0.560318294738
0.508773800781
0.46492583669
0.4238584113
0.391360721367
0.361105724903
0.338548774511
0.314793094995
0.295133389731
0.276099087289
0.262501826841
0.247163617863
0.235295948354
0.224641525018
0.21393258927
0.202771602126
0.870333591853
0.883479339236
0.772608194089
0.654020574181
0.583787888399
0.530183666965
0.481478183887
0.441995235741
0.41005905762
0.380213746084
0.353838166793
0.333913528461
0.310827299485
0.291866178716
0.277502186991
0.261935777599
0.24774299024
0.235875787557
0.224563888487
0.214933355852
0.893528426847
0.889699463789
0.805323944242
0.677629381649
0.617767877835
0.553169361833
0.504157696499
0.46437999639
0.42993797103
0.397616930228
0.36931148317
0.34601228602
0.325309235361
0.306427921249
0.290513847439
0.27622431611
0.260832330312
0.249815437465
0.236496477955
0.226070451332
0.929651150025
0.910129075786
0.819420913735
0.706677898504
0.628465295683
0.57212974975
0.522740324377
0.482425753648
0.448100586596
0.415493077098
0.38892670153
0.36328721599
0.340774173479
0.322956744169
0.303990474836
0.288061942981
0.274454413204
0.260744667718
0.248965832778
0.237884844956
