0.015656
0.015268
0.014904
0.014976
0.014866
0.014758
0.01475
0.014462
0.014646
0.014708
0.014534
0.014252
0.014534
0.014502
0.014272
0.014206
0.014368
0.01433
0.014282
0.014394
0.016786
0.01594
0.015852
0.015364
0.015406
0.01514
0.014982
0.014864
0.014744
0.014912
0.014666
0.014286
0.014872
0.014594
0.014772
0.014516
0.01428
0.014634
0.014386
0.014164
0.01712
0.016586
0.016096
0.016048
0.01581
0.015394
0.015348
0.01526
0.015078
0.014946
0.01522
0.015058
0.015074
0.014864
0.014674
0.014532
0.014772
0.014654
0.014516
0.01441
0.017882
0.016598
0.01669
0.01631
0.016034
0.015972
0.015522
0.015284
0.01522
0.015486
0.015196
0.015164
0.014974
0.014774
0.015134
0.014976
0.014924
0.014878
0.014816
0.014964
0.017988
0.01693
0.016718
0.01646
0.016406
0.016112
0.015798
0.015752
0.015682
0.01537
0.015458
0.015264
0.015016
0.014962
0.014788
0.014876
0.014954
0.014916
0.01471
0.014896
0.018614
0.016178
0.016586
0.016498
0.016332
0.016136
0.015812
0.015682
0.015704
0.01549
0.015442
0.015398
0.015134
0.015364
0.015316
0.015196
0.015236
0.01519
0.014628
0.014852
0.017084
0.016466
0.016494
0.01636
0.0163
0.016162
0.015982
0.016216
0.01574
0.01587
0.015852
0.015324
0.015416
0.015406
0.0153
0.015216
0.014966
0.0151
0.014998
0.01465
0.015822
0.016368
0.016234
0.01631
0.01642
0.016144
0.015842
0.016088
0.01596
0.016002
0.015534
0.015602
0.015488
0.015448
0.015418
0.015236
0.015286
0.01503
0.015388
0.015174
0.014424
0.017256
0.016058
0.016148
0.01659
0.016362
0.016038
0.01627
0.016146
0.015566
0.015902
0.015836
0.01571
0.015152
0.01532
0.015226
0.015196
0.015396
0.015244
0.015266
0.013392
0.01603
0.015868
0.015942
0.01633
0.016144
0.01596
0.016192
0.015938
0.015952
0.016114
0.015996
0.015872
0.015604
0.015584
0.015654
0.015384
0.015304
0.015164
0.015438
0.012004
0.016024
0.015628
0.015854
0.016028
0.016306
0.016064
0.016002
0.016116
0.015892
0.015898
0.015848
0.015722
0.015858
0.015348
0.015394
0.015644
0.015232
0.015266
0.015142
0.011148
0.014882
0.015706
0.015578
0.01584
0.01595
0.01611
0.016174
0.0161
0.015958
0.015976
0.015638
0.015604
0.01584
0.015582
0.015672
0.015334
0.015488
0.015494
0.014944
0.010874
0.013946
0.015396
0.015316
0.015624
0.016012
0.016024
0.015882
0.016158
0.016168
0.016004
0.015898
0.015802
0.01615
0.015692
0.015512
0.015768
0.015502
0.015506
0.015494
0.010106
0.013366
0.014736
0.01491
0.015342
0.015776
0.016068
0.016098
0.01592
0.015958
0.01603
0.015734
0.015886
0.015944
0.015958
0.015916
0.015762
0.015572
0.015422
0.01544
0.009254
0.013584
0.015392
0.014706
0.01519
0.015456
0.015892
0.015802
0.01596
0.015866
0.01594
0.015988
0.015814
0.015788
0.015804
0.015644
0.015534
0.015702
0.015482
0.015558
0.008594
0.012548
0.01417
0.01434
0.014912
0.015466
0.015644
0.01588
0.015802
0.01591
0.015812
0.015826
0.015794
0.015796
0.01577
0.016032
0.01551
0.015576
0.01557
0.015436
0.007472
0.011816
0.01362
0.014292
0.014764
0.015296
0.015666
0.01553
0.015836
0.01587
0.016
0.015922
0.015896
0.015838
0.015854
0.015618
0.015762
0.015732
0.015668
0.015522
0.007108
0.011734
0.013518
0.013904
0.014542
0.015042
0.015254
0.015476
0.015694
0.015974
0.01572
0.016076
0.015902
0.015768
0.016014
0.015784
0.015572
0.015568
0.015326
0.01552
0.007064
0.01117
0.013224
0.013684
0.014622
0.015006
0.015336
0.015502
0.015606
0.015672
0.015724
0.015776
0.015726
0.01571
0.01585
0.015838
0.015758
0.01587
0.0157
0.01561
0.007152
0.01074
0.012808
0.013578
0.014058
0.014772
0.015
0.015384
0.015688
0.015584
0.016026
0.015606
0.01573
0.015796
0.015674
0.015616
0.015718
0.015644
0.015576
0.01552
