0.0466785931698
0.0307339500137
0.0216633123306
0.0153524584032
0.0124605437637
0.00969152225803
0.00815442094703
0.0065229370784
0.00569527812685
0.0049812916764
0.00427408682392
0.00390904869478
0.00313124195816
0.00301082192541
0.0026283115909
0.00243723196377
0.00211802008198
0.00199752123623
0.00193585347492
0.00176173014394
0.0910835130644
0.0592347247927
0.0424769309431
0.0317024908375
0.0244679435489
0.0194859712014
0.0152829797919
0.0128891799027
0.0113675818612
0.00892586337732
0.00853117964557
0.00726825994278
0.00647318902874
0.00561989046998
0.00514874982373
0.00500932247917
0.00425303285963
0.0040244756122
0.00371088550719
0.00318370251172
0.132012202237
0.0881894795788
0.0624138694455
0.0468548975548
0.035720025484
0.0283097217602
0.0237494464819
0.019840392917
0.0167488206283
0.014714094857
0.0125245668714
0.0108442604989
0.00926753235084
0.00833342345771
0.00730874044314
0.00745543956439
0.00671356668939
0.00569718527872
0.00530806405541
0.00510822206715
0.169870445685
0.112552015681
0.0806553748009
0.0604389983301
0.0472176988945
0.0378647228512
0.0302788549606
0.0265435782067
0.0218249858719
0.0177837907493
0.0167942909618
0.014748535726
0.0131908174756
0.0113919078043
0.0101692095328
0.00949503256762
0.00858124514013
0.00737672331752
0.00708710916026
0.00670696889036
0.214587562242
0.13560283616
0.0976471503666
0.072512376967
0.0569704062235
0.0464815747987
0.0364460190612
0.0327118949931
0.0267950727864
0.0238413887039
0.0203783118783
0.0182484872823
0.0162077076619
0.0136539141663
0.0134262199552
0.0116487947956
0.0101501015705
0.00939591902062
0.00926163355216
0.00780581648541
0.260660588438
0.154689770831
0.111658492073
0.0845551271429
0.0691818434237
0.0552896079577
0.0452309144069
0.0379679574907
0.031434653534
0.0279364304078
0.0251717049861
0.0209198199553
0.0194629811894
0.0164778354709
0.0154971518498
0.0138264365573
0.0125864057561
0.0120042072074
0.0101285010087
0.0104236224126
0.295243083675
0.174266674552
0.125396822536
0.0953701806727
0.0783103415482
0.0606057877227
0.0506171011014
0.0414870780905
0.0377157075508
0.0323016359592
0.0275763646853
0.0238520455552
0.0223590112865
0.0197361435135
0.018428859965
0.0167031592141
0.0149547741179
0.013646082371
0.0122169045594
0.0122314673029
0.309898353363
0.192749349188
0.141192038597
0.105993959799
0.0839168409807
0.0698812552101
0.0586954593698
0.0488190124519
0.0411975849101
0.0364198798548
0.033032845616
0.0287294211713
0.0242541666261
0.022689807499
0.0201372220225
0.0190018942821
0.0169547131281
0.0155873108815
0.0130928180341
0.0133063835139
0.310968855282
0.231709113552
0.15236756643
0.116925217438
0.0919084620419
0.0750286571918
0.0642511828073
0.0531830406486
0.0450283588429
0.0403413221765
0.0357681393482
0.032689644301
0.0267493631286
0.0259882223449
0.022457113462
0.0206813050121
0.0195321762847
0.0169527249059
0.0156290309089
0.0146197764341
0.314539217223
0.24562113232
0.15762765489
0.117751238383
0.0994195562943
0.0808432220402
0.0701817385445
0.0586113162061
0.0508374237067
0.0457463286272
0.0381121610344
0.0338850332911
0.0301055184054
0.0275281475481
0.0257933512175
0.024831595288
0.0212222833438
0.0193409439339
0.0183392292469
0.0172963511713
0.303177048096
0.253423484842
0.168139623564
0.132096732724
0.105673300319
0.0888004777804
0.0752558098935
0.0633406410219
0.0551970912764
0.0454695594018
0.0417320490634
0.0380605688856
0.0334361480178
0.0297716995888
0.0286031591526
0.0273132993347
0.0235238079775
0.0225274552581
0.0196948626225
0.0175148818645
0.296980814468
0.25684335832
0.177938298614
0.13857447077
0.114968345697
0.0933625506226
0.0800256482744
0.0664818931672
0.0601383752262
0.0515137136366
0.0454298678846
0.042263860147
0.0347451417676
0.0313956197206
0.0317411267566
0.0268431588831
0.0262839990126
0.0232413864125
0.020913346875
0.0207605496785
0.303578249832
0.256856100554
0.192907271974
0.139964978934
0.119416002066
0.0928590940513
0.0843355836518
0.074034050156
0.0607234862885
0.0557722408099
0.0485205829376
0.046393296295
0.039868812589
0.0336225895316
0.0324952489484
0.0298930593703
0.02778045092
0.0253874808121
0.021660270711
0.0205469477199
0.277272895502
0.250987976984
0.194168416864
0.14586098329
0.124444955157
0.100485506659
0.0879736890804
0.0766639435664
0.0685490549001
0.0598227576502
0.0519507193262
0.0482897032703
0.0434213711163
0.0392473077065
0.0338817389051
0.0300743017361
0.0281622286548
0.0272310752026
0.0243554057705
0.0236717531212
0.270617377462
0.265923876514
0.222940732315
0.152077002797
0.127867486818
0.109209733473
0.0923963880831
0.0820083734075
0.0683283940125
0.0620364669043
0.0553561134007
0.0471276753176
0.0446611175021
0.0411876999575
0.0359244352401
0.0352894620647
0.0321856106691
0.0302451625159
0.0268009819564
0.0221170048543
0.282536963526
0.255631333818
0.20091809439
0.158313342041
0.129473075298
0.11050387187
0.0984445835643
0.0836981850438
0.0695543362324
0.0658843840152
0.0575990545407
0.0554082078405
0.0483279456373
0.0427385635579
0.0385960978129
0.0340060024452
0.0346627258285
0.0271150348341
0.0273020246326
0.0258162351956
0.257891862493
0.251479680747
0.204570608305
0.158806627878
0.132551078926
0.114485759693
0.0989572907278
0.0852822655483
0.0758908930786
0.0683420470136
0.0613875594123
0.055758614762
0.0467157026788
0.0457945695751
0.0396840147003
0.0390001891257
0.0340856293689
0.0316750771269
0.029257982947
0.0281151365948
0.244916796743
0.252737447227
0.219535609406
0.161902999105
0.135585532367
0.119755704945
0.104420539282
0.0937777234672
0.0804114833074
0.0716261168972
0.0630596584154
0.0503137499889
0.0510759394201
0.0472646025072
0.0409753398942
0.0382375435288
0.0361807321989
0.031951416733
0.0295049795625
0.0299944499546
0.249914484617
0.25412166363
0.227166081962
0.159914147873
0.144338992335
0.118825435679
0.104373583563
0.0888721460699
0.0797518006075
0.0774445705832
0.068204795704
0.0607403430976
0.0544167668964
0.0510407320443
0.0429984920017
0.0398470922697
0.0387803420703
0.0339694195368
0.0339810316231
0.0311196443374
0.260418654697
0.253889594991
0.224562745631
0.173744111284
0.143654451265
0.120846280575
0.108475321567
0.0975561070951
0.0829093876887
0.0784355248908
0.0691950489315
0.063127163959
0.0569383505773
0.0498303253212
0.0480591170157
0.0440143825206
0.0381078708473
0.0365683662348
0.0329151483056
0.0304317394376
